1676
1383
617
193
407
1769
1676
1675
1678
1678
1677
1677
1682
1682
1682
1680
1656
1656
1661
1662
1662
1595
1593
1593
1593
1603
1603
1602
1602
1586
1585
1585
1589
1589
1590
1590
1583
1583
1584
1584
1584
1577
1577
1577
1383
1383
1379
1379
1379
1378
1404
1404
1405
1405
1403
1403
1435
1435
1436
1436
1433
1433
1426
1426
1425
1427
1427
1427
610
610
615
615
616
616
619
619
620
617
617
583
584
584
579
579
569
569
570
570
570
573
574
574
574
634
634
633
633
651
651
654
654
652
652
652
719
719
718
723
723
722
722
746
746
747
747
745
745
744
103
103
101
101
120
120
119
119
121
121
122
122
219
219
220
220
228
229
229
227
227
226
195
195
195
194
190
192
192
192
193
193
187
187
188
188
209
208
208
203
203
202
202
158
158
158
167
167
168
168
169
169
170
173
173
173
174
174
177
177
451
451
448
448
448
446
446
467
467
465
465
465
432
432
430
430
429
422
422
422
423
410
410
410
411
411
406
406
406
407
407
407
420
420
420
418
418
376
376
375
375
378
379
379
265
265
267
267
278
278
279
279
280
280
290
291
291
291
294
294
294
794
794
795
795
789
789
788
803
803
802
802
797
797
797
798
798
820
820
819
816
816
816
812
812
813
813
813
862
861
861
866
866
865
865
1177
1177
1178
1175
1176
1176
1182
1182
1181
1186
1186
1186
1130
1130
1131
1131
1127
1127
1126
1126
1035
1035
1034
1034
1031
1031
1031
1031
1057
1056
1056
1054
1054
1055
1055
1027
1027
1029
1029
1923
1923
1922
1922
1922
1934
1934
1934
1935
1935
1936
1936
1893
1893
1893
1892
1905
1905
1905
1903
1902
1902
1753
1753
1756
1756
1755
1755
1752
1768
1768
1768
1765
1765
1770
1769
1769
1771
1771
1771
1772
1773
1773
1773
1782
1782
1783
1783
1781
1848
1848
1847
1847
1847
1844
1843
1843
1860
1860
1860
1859
1867
1867
1870
1870
1869
1869
1689
1689
1688
1695
1695
1694
1694
1698
1698
1699
1653
1653
1654
1654
1648
1648
1649
1649
1650
1650
1629
1629
1629
1673
1674
1674
1674
1676
1676
1436
616
1378
1378
1675
1676
1595
1584
1583
1680
1682
1648
1654
1404
1405
1698
1699
1694
1379
1379
619
1436
1435
815
816
816
818
812
812
813
813
862
862
861
866
866
866
865
1177
1177
1178
1175
1175
1176
1176
1182
1181
1181
1186
1186
1185
1130
1130
1131
1131
1127
1127
1126
1035
1035
1035
1034
1034
1032
1033
1033
1057
1057
1056
1056
1054
1055
1055
1027
1027
1029
1029
1029
1923
1923
1922
1922
1921
1934
1934
1934
1935
1936
1936
1890
1893
1893
1892
1905
1905
1905
1903
1903
1902
1753
1753
1754
1756
1756
1755
1752
1752
1768
1768
1765
1765
1770
1770
1769
1771
1771
1772
1772
1773
1773
1776
1782
1782
1783
1781
1781
1848
1848
1847
1847
1844
1844
1843
1843
1860
1860
1859
1859
1867
1867
1868
1868
1870
1870
1869
1689
1869
1689
1689
1690
1690
1690
1690
1687
1693
1687
1688
1688
1688
1688
1695
1695
1694
1696
1696
1696
1696
1698
1700
1699
1699
1699
1653
1701
1652
1652
1653
1653
1654
1655
1655
1654
1655
1655
1655
1648
1649
1649
1649
1646
1645
1644
1645
1644
1645
1645
1645
1646
1646
1647
1647
1647
1647
1625
1625
1646
1646
1630
1651
1628
1651
1651
1651
1651
1650
1650
1650
1628
1629
1628
1629
1628
1673
1673
1673
1673
1672
1631
1631
1672
1683
1683
1671
1672
1671
1671
1675
1672
1675
1675
1676
1674
1672
157
167
167
168
169
169
170
170
173
173
174
174
177
177
451
451
449
449
448
446
446
467
467
467
465
465
432
432
432
430
429
429
422
422
423
409
410
410
411
411
411
406
407
408
408
420
420
420
418
376
376
375
375
378
378
379
379
265
267
267
268
278
278
279
280
280
290
290
291
291
295
294
294
292
794
794
795
795
789
789
788
803
803
802
796
797
797
798
798
820
820
819
819
815
815
818
818
814
814
814
862
862
861
861
863
864
865
865
1177
1178
1178
1175
1175
1176
1182
1182
1181
1181
1185
1185
1185
1130
1131
1131
1128
1127
1126
1125
1036
1036
1037
1037
1032
1032
1033
1033
1057
1057
1056
1054
1054
1055
1028
1028
1030
1030
1030
1923
1924
1924
1921
1921
1921
1933
1933
1933
1935
1936
1890
1890
1891
1892
1892
1904
1904
1903
1903
1902
1902
1753
1754
1754
1756
1755
1751
1752
1752
1767
1767
1766
1766
1770
1770
1772
1772
1774
1774
1775
1776
1782
1783
1783
1781
1786
1848
1850
1849
1849
1844
1844
1845
1845
1845
1846
1846
1861
1861
1859
1868
1868
1868
1871
1870
1869
1871
1872
1691
1691
1691
1692
1692
1692
1692
1710
1693
1710
1693
1706
1707
1707
1706
1706
1706
1707
1707
1711
1717
1708
1708
1708
1707
1706
1703
1703
1703
1704
1703
1702
1702
1702
1702
1730
1730
1730
1729
1729
1728
1705
1703
1704
1704
1704
1700
1700
1700
1697
1697
1697
1693
1693
1693
1692
209
208
208
203
203
202
205
158
158
157
157
167
168
168
169
170
170
172
172
171
174
177
178
178
451
450
449
449
447
447
446
466
466
464
464
464
431
431
430
430
429
421
421
423
423
409
409
412
412
412
408
408
419
419
419
418
418
377
377
377
381
378
378
379
265
266
267
268
268
278
278
279
280
290
290
289
289
295
295
295
292
292
794
795
792
792
789
788
788
803
802
800
801
802
796
796
799
799
798
820
819
822
822
815
818
818
818
814
814
859
859
860
860
863
863
864
864
867
1178
1172
1172
1172
1174
1174
1179
1179
1179
1183
1184
1184
1129
1129
1129
1128
1128
1125
1125
1125
1036
1036
1037
1037
1032
1032
1033
1059
1059
1059
1061
1061
1061
1028
1028
1028
1030
1030
1030
1924
1924
1924
1928
1928
1928
1933
1933
1930
1930
1930
1890
1891
1891
1892
1904
1904
1901
1901
1899
1899
1899
1754
1754
1754
1750
1750
1751
1751
1767
1767
1766
1766
1766
1772
1774
1774
1774
1775
1775
1776
1784
1784
1785
1786
1786
1850
1850
1849
1849
1845
1845
1846
1846
1861
1861
1862
1862
1862
1874
1874
1871
1871
1871
1872
1691
1691
1713
1713
1713
1711
1710
1861
1862
1862
1866
1874
1874
1874
1872
569
570
570
573
1713
1713
1712
1712
1711
1711
1710
1595
1593
1594
572
572
572
573
575
575
575
575
576
576
576
574
573
574
634
634
633
633
633
651
651
654
654
652
653
653
719
718
718
723
723
722
746
746
746
747
747
745
744
744
103
103
101
101
120
120
119
119
121
122
122
219
219
219
220
220
228
229
229
227
226
226
195
195
194
190
190
192
192
193
187
187
188
188
209
209
209
208
207
203
202
205
205
157
156
156
157
166
166
166
166
164
164
172
171
171
175
178
178
178
450
450
449
447
447
447
466
466
466
464
464
431
431
431
433
433
421
421
424
424
423
409
412
412
412
408
419
419
417
417
417
377
377
381
381
380
380
380
266
266
268
268
277
277
277
274
274
288
288
289
289
295
295
293
293
292
792
792
792
790
790
791
791
800
800
801
801
796
799
799
799
821
822
822
822
823
823
817
817
817
834
834
859
860
860
863
863
864
864
867
867
1171
1172
1172
1174
1174
1180
1179
1179
1183
1183
1184
1184
1129
1129
1128
1128
1135
1135
1135
1132
1036
1037
1037
1040
1040
1041
1041
1059
1059
1058
1061
1061
1024
1024
1023
1023
1026
1026
1025
1925
1925
1925
1928
1928
1931
1931
1932
1930
1930
1929
1891
1891
1896
1896
1904
1900
1901
1901
1899
1899
1763
1764
1764
1764
1750
1750
1751
1751
1779
1779
1780
1780
1774
1775
1775
1776
1776
1784
1785
1785
1786
1786
1850
1850
1849
1854
1854
1853
1846
1853
1864
1864
653
719
719
718
1787
1787
1787
1854
1854
1851
1854
1853
1853
1856
1864
1864
1864
620
617
617
583
583
584
584
579
579
569
571
579
578
571
571
571
1866
1866
1866
1874
1873
1873
1873
1873
1872
1872
653
653
578
578
578
571
1652
1652
1652
1641
1641
1641
1641
1644
1644
1701
1701
1701
1701
1705
1704
1701
1705
1705
1594
1594
1594
1841
1841
1873
1841
1841
1842
1842
1842
1712
1705
1641
1640
1644
1640
1712
1640
1728
1728
1640
745
744
744
103
104
104
102
102
102
102
745
742
743
743
743
743
1728
1729
1729
1729
1727
1733
1727
1727
1726
1726
1724
1726
1726
1727
1727
1728
1637
1642
1642
1642
1642
1643
1643
1643
1642
1637
1637
1637
1635
1635
1635
1635
1635
1634
1634
1634
1634
1634
1647
1643
1643
619
620
619
616
614
620
620
621
621
621
621
622
622
622
623
618
618
618
618
583
618
623
581
582
582
581
581
583
584
580
580
580
580
580
577
577
578
568
568
572
572
567
565
565
575
566
566
565
566
566
637
637
635
635
635
635
634
635
632
632
632
638
638
639
638
638
638
632
651
650
650
654
655
655
655
641
641
720
720
720
721
721
721
725
723
722
722
749
749
749
749
748
747
742
742
742
743
106
106
106
735
735
97
97
105
106
106
104
104
104
108
108
102
120
119
117
121
121
122
122
218
218
218
218
221
221
228
228
228
230
229
227
227
226
196
197
194
194
190
190
193
191
188
189
189
189
209
206
207
207
204
204
205
205
156
156
161
161
165
165
166
164
164
172
172
171
175
175
176
176
176
450
450
445
445
445
460
460
461
461
462
463
434
434
433
433
425
425
424
424
424
415
415
416
416
381
381
380
380
266
266
269
269
269
277
277
274
274
273
288
288
289
281
281
293
293
293
307
793
793
793
790
791
791
787
800
800
801
801
805
804
804
821
821
821
826
823
823
823
817
817
834
834
834
859
860
872
873
873
868
868
867
870
1171
1171
1173
1173
1174
1180
1180
1183
1183
1184
1184
1136
1136
1139
1139
1139
1135
1135
1132
1132
1042
1042
1040
1040
1041
1041
1041
1058
1058
1060
1060
1024
1024
1024
1023
1026
1026
1025
1025
1925
1925
1926
1927
1927
1931
1932
1932
1930
1929
1929
1894
1896
1896
1896
1900
1900
1901
1898
1898
1763
1763
1764
1764
1759
1759
1758
1758
1779
1779
1780
1780
1780
1778
1778
1784
1785
1785
1787
1787
1787
1788
1851
1851
1851
1853
1856
1856
1856
1863
1863
1866
1865
1865
1865
1865
1836
1836
1836
1842
1842
1840
1839
1839
1839
1715
1715
1712
1716
1711
1717
869
1171
1173
1173
1173
1180
1180
1163
1163
1166
1166
1166
1136
1136
1139
1139
1139
1134
1132
1133
1133
1042
1042
1040
1039
1039
1039
1058
1058
1060
1060
1060
1021
1021
1023
1023
1026
1025
1025
1016
1926
1926
1926
1927
1927
1931
1932
1932
1929
1929
1894
1894
1897
1897
1897
1900
1900
1898
1898
1762
1763
1763
1764
1759
1759
1758
1758
1758
1777
1780
1778
1778
1778
1793
1792
1791
1791
1791
1788
1788
1852
1852
1852
1857
1856
1856
1855
1863
1863
1865
1835
1835
1836
1836
1838
1840
1840
1839
1839
1715
1715
1715
1716
1716
1716
1716
1717
1717
1717
1717
1708
1709
1709
1709
1709
1708
1709
1731
1730
1730
1734
1734
1734
1734
1735
1737
1737
1735
1735
1731
1731
1674
415
416
416
416
417
417
385
385
384
387
387
389
389
389
272
272
269
269
270
275
275
274
273
273
287
287
281
281
282
282
307
307
306
793
793
790
790
791
787
811
811
810
810
805
805
804
804
821
805
805
804
807
826
784
784
784
787
787
811
811
810
810
806
806
807
807
826
826
826
824
824
824
824
824
223
223
221
221
221
225
225
1602
1602
1601
1586
1601
1586
1608
1587
1607
1587
1607
1570
1587
1587
1587
1584
1578
1577
1608
1608
1601
1606
1604
1604
1604
1604
1604
1598
1605
1605
1605
1605
1605
1606
1615
1619
1608
1606
1606
1434
1433
1426
1426
1425
734
735
735
98
97
97
100
105
105
105
201
206
206
216
206
100
108
108
576
201
201
216
216
217
207
1590
1583
1583
1582
1581
207
204
204
204
210
162
161
161
160
165
165
163
164
181
181
182
182
175
175
176
176
437
437
445
445
444
444
460
461
461
462
462
463
434
434
433
425
425
425
427
427
415
415
414
414
414
385
385
384
384
387
387
389
389
388
272
272
270
270
275
275
276
276
273
287
287
287
283
282
282
307
307
306
306
785
785
784
784
786
786
787
811
810
809
809
806
806
807
773
825
826
825
828
829
829
829
832
832
833
833
833
872
872
871
873
873
868
868
870
869
869
1160
1160
1159
1159
1159
1163
1163
1165
1166
1166
1137
1137
1138
1138
1138
1134
1134
1133
1133
1133
1043
1043
1044
1039
1039
1038
1046
1046
1048
1048
1021
1021
1021
1019
1017
1017
1017
1016
1016
1926
1926
1913
1909
1909
1910
1911
1911
1911
1894
1895
1895
1897
1897
1897
1889
1889
1889
1762
1762
1761
1761
1759
1760
1760
1757
1757
1777
1777
1777
1793
1793
1792
1791
1791
1790
1789
1788
1789
1852
1852
1857
1857
1857
1858
1858
1855
1855
1855
1831
1863
1835
1835
1835
1838
1838
1840
1840
1817
1818
1818
1714
1714
1714
1714
1742
1714
1736
1736
1736
1736
1700
1637
1637
1742
1736
567
567
565
1743
1743
1742
1742
1742
1749
1737
1737
568
615
615
616
567
565
564
566
628
637
637
636
1586
1586
1585
1585
1588
1588
1585
1588
1588
1588
1588
1017
1018
1018
1016
1016
1915
1913
1913
1909
1910
1910
1911
1911
1912
1895
1895
1895
1887
1886
1886
1889
1889
1889
1762
1762
1761
1761
1760
1760
1760
1757
1757
1434
1434
1434
1434
1433
1433
1426
1801
1794
1794
1794
1793
1793
1792
1792
107
108
107
107
107
117
117
117
118
118
1794
165
163
163
181
181
182
182
183
183
184
184
437
437
438
439
444
444
460
460
461
462
462
463
463
434
436
436
426
426
427
427
427
413
413
414
414
385
385
384
384
387
387
388
388
271
271
271
271
272
270
270
275
276
276
276
286
286
287
283
283
282
305
305
306
306
310
310
785
311
785
785
786
786
786
781
808
809
809
809
806
807
773
773
825
825
828
828
829
830
829
832
832
833
833
872
872
871
871
873
874
868
870
870
869
869
1160
1160
1159
1159
1163
1164
1164
1165
1165
1137
1137
1137
1138
1138
1134
1134
1149
1151
1151
1043
1043
1044
1044
1038
1038
1046
1046
1048
1048
1022
1022
1022
1019
1019
1020
1018
1018
1015
1015
1915
1915
1913
1914
1909
1910
1910
1912
1912
1912
1881
1881
1887
1887
1886
1886
1888
1888
1797
1797
1797
1800
1800
1801
1801
1794
1795
1795
1795
1790
1790
1790
1789
1789
1789
1807
189
201
201
201
198
214
216
216
217
217
217
210
210
210
162
162
161
160
160
159
159
163
179
179
181
182
183
183
184
184
442
438
438
439
439
444
452
452
453
459
459
459
463
435
435
436
436
426
426
428
428
413
413
225
225
225
225
230
637
636
636
636
639
639
649
649
639
645
649
649
648
650
650
428
382
382
382
383
383
386
386
386
388
394
394
271
255
255
255
255
1436
1434
1432
1432
1432
1431
1431
1431
1429
1429
1431
1429
1430
1430
1424
1423
1431
1429
1410
1430
581
581
577
577
590
592
568
568
567
563
563
564
563
563
563
515
515
516
516
517
564
564
628
562
562
515
515
516
516
516
518
518
189
200
200
200
198
198
214
214
215
215
217
217
211
211
211
212
162
162
160
160
159
159
159
179
179
179
180
180
183
184
184
442
442
438
438
439
439
452
452
453
453
459
459
458
435
435
435
436
436
426
428
428
404
382
383
383
386
386
395
395
394
394
255
256
256
254
254
254
250
250
286
250
285
286
286
284
283
283
305
305
304
304
310
310
311
311
782
782
782
781
781
808
808
777
778
778
773
774
774
828
828
827
830
830
830
832
831
831
853
853
1047
1048
1022
1022
1022
1019
1020
1020
1020
1018
1015
1015
1915
1915
1916
1914
1914
1906
1906
1906
1912
1912
1881
1881
1880
1887
1887
1882
1882
1888
1888
1797
1797
1800
1800
1801
1801
1795
1795
1796
1796
1800
1802
1803
1803
1803
1795
1790
1805
1804
1803
1805
1805
1805
1804
1804
1807
1807
1807
1858
1858
1858
1855
1832
1831
1831
1827
1832
1832
1831
1831
1838
1838
1837
1837
1840
1817
1817
1817
1818
1818
1818
1743
1656
1661
1680
1657
1656
1817
1818
623
623
1661
1662
576
1680
1680
1681
1679
1679
1657
1657
1658
1658
1819
1819
1821
1821
1815
1815
1657
1657
1658
1658
1658
1659
1659
1659
1660
1660
1659
1659
1662
1661
1660
1662
1603
1603
1731
1735
1732
1740
1740
1719
1732
1732
639
627
627
645
645
649
648
648
650
1746
1745
1743
1745
1743
1745
1745
1745
1747
1746
1747
1746
1749
1749
1432
1432
1412
1406
1406
1406
1406
1407
1407
1408
1408
1408
1412
1412
1412
1412
1409
1411
1409
562
562
562
521
521
521
521
521
592
592
191
522
591
591
522
522
191
191
191
200
200
199
199
199
198
214
214
215
215
213
213
213
211
592
592
591
1631
1631
1683
1683
1683
1626
1685
1685
1685
1685
1684
1681
1681
1684
1681
1684
1677
1682
1678
1677
1678
1678
1671
1684
1684
396
396
395
395
392
392
256
256
253
253
254
253
254
250
251
252
285
285
284
284
296
296
305
304
304
310
311
311
311
347
782
782
783
781
808
808
1146
1149
1149
1149
1151
1151
1043
1045
1044
1044
1038
1047
1047
1047
1049
1049
1010
1010
1007
1020
1008
1011
1011
1012
1001
1001
1916
1916
1914
1914
1920
1906
1908
1908
1908
1876
1881
1880
1880
1883
1883
1882
1882
1888
1796
1798
1798
1802
1802
1802
1803
1805
1589
1590
1590
1592
1592
1592
1582
1596
1596
1596
1596
1598
1597
1598
1598
1599
1599
1599
1599
1837
1837
1819
1819
1821
1821
1821
1816
1816
1815
1815
1744
1744
1744
1813
1813
1813
1813
1816
1816
1812
1814
1812
1814
1814
1816
1812
1812
1968
1968
1814
1814
1969
1556
1556
1969
1551
1551
1556
1557
1557
1556
1161
1161
1160
1156
223
224
223
222
224
224
224
232
230
230
231
231
231
196
196
197
197
655
655
640
640
748
742
734
734
734
735
740
740
740
62
98
98
97
99
100
100
99
100
95
95
615
612
612
612
610
610
99
94
95
96
95
96
107
118
1411
610
609
609
111
118
111
123
118
123
123
124
124
123
110
110
124
124
124
124
197
199
199
233
242
242
242
242
215
213
213
212
212
211
1626
1626
1626
1685
1632
1627
1632
1632
1686
1686
1686
1686
1686
1679
1679
212
212
1666
1665
1666
1666
1427
609
609
611
611
611
611
611
612
613
613
613
613
614
621
612
613
614
614
622
614
607
607
622
607
607
608
594
594
594
595
595
595
596
596
593
594
594
624
624
777
778
778
774
774
774
827
827
827
840
840
830
831
831
853
853
851
854
851
851
871
871
874
874
874
870
850
850
850
1161
1161
1161
1157
1156
1156
1164
1164
1164
1165
1165
1140
1140
1147
1146
1146
1146
1149
1148
1151
1150
1150
1045
1045
1045
1052
1052
1047
1051
1049
1049
1049
1010
1007
1007
1008
1008
1011
1012
1012
1001
1916
1916
1918
1918
1920
1920
1907
1908
1908
1876
1876
1880
1880
1879
1883
1883
1884
1885
1796
1798
1798
1798
1799
1802
1810
1811
1804
1804
1806
1807
1969
1969
1969
1551
1551
1550
1550
1557
1557
1557
1554
1554
1551
1550
1550
1552
1561
1561
1561
1555
1555
1554
1554
1813
1558
1561
1561
1561
1555
1555
1747
1747
1747
1744
231
231
196
233
196
1681
233
243
243
244
244
246
246
246
246
246
249
136
136
137
137
137
134
134
132
132
132
180
180
180
186
186
185
185
442
442
440
440
441
454
454
455
453
453
458
458
458
399
399
402
402
402
403
404
404
383
396
396
396
397
397
395
392
392
393
256
262
262
253
253
251
251
252
252
285
285
284
296
296
299
299
1630
1628
1631
1630
1625
1630
1733
1733
1733
1733
1268
1268
603
603
720
721
721
725
725
725
724
725
724
724
749
748
748
748
737
737
737
737
738
738
738
740
741
62
63
98
98
99
99
72
72
94
94
96
96
775
841
841
841
840
840
839
831
854
854
854
851
852
852
852
777
777
777
780
780
778
778
776
776
775
775
775
841
842
842
840
840
839
839
854
855
855
856
856
852
852
874
1601
1602
839
855
855
855
856
858
857
856
1598
1600
1599
835
835
838
839
838
858
858
858
857
857
843
843
856
847
847
874
1589
1592
1595
1596
1660
1597
1597
1660
844
847
847
848
222
222
222
239
224
232
232
232
230
233
233
1799
1799
1810
1810
1811
1811
1806
1806
1828
1827
1827
1832
1832
1833
1833
1837
1833
1820
1820
1820
1822
1822
1822
1743
1806
1806
1808
1828
1828
1827
1830
1834
1833
1833
1834
1820
1820
1822
1822
1824
1824
1555
1746
1746
1560
1560
1560
1560
1560
62
62
63
63
64
64
519
519
519
519
1748
1748
1749
1741
1741
1749
1627
1627
1632
1633
137
137
139
134
134
132
133
133
153
153
153
186
186
185
443
443
443
440
441
441
454
454
455
455
456
456
457
399
399
399
402
402
403
404
404
405
403
403
405
405
405
397
397
391
392
393
393
262
262
261
261
261
251
251
252
259
259
252
261
257
259
259
259
260
301
301
1627
1626
1630
260
300
300
301
297
297
297
297
299
299
309
309
309
309
309
308
347
347
783
783
783
753
755
755
755
755
756
756
756
398
400
403
405
397
390
390
391
391
393
393
262
262
261
257
257
517
564
628
631
631
628
628
629
629
629
624
593
624
624
72
72
94
94
94
96
112
111
111
112
111
93
93
112
112
110
604
604
607
604
608
602
606
602
606
602
602
601
605
1273
1276
1276
1276
1275
1275
1273
1273
1273
1273
605
605
1168
1168
1170
1170
1140
1140
1147
1147
1147
1146
1145
1148
1148
1150
1150
1150
1045
1045
1052
1052
1052
1051
1051
1050
1050
1010
1010
1007
1008
1008
1011
1012
1012
1001
1001
1918
1918
1918
1919
1920
1920
1907
1907
1877
1876
1876
1879
1879
1879
1883
1884
1885
1885
1885
1799
1799
1809
1810
1811
1811
1808
1808
1828
1828
1830
1830
1834
298
298
298
298
298
355
355
355
349
349
349
349
308
308
308
308
350
347
347
348
783
348
753
648
349
350
350
350
848
848
64
71
71
72
75
75
93
93
93
113
113
112
1594
844
848
844
849
849
848
850
850
1162
849
849
1162
1162
1162
1157
1157
1158
1156
1168
1168
1168
1170
1141
1141
1141
1147
1147
1145
1145
1145
1148
1153
1153
1153
1155
1155
1053
1053
1053
1051
1051
1050
1050
1050
1009
1009
1009
1013
1014
1014
1014
1002
1002
1002
1917
1917
1919
1919
1920
1907
1907
1877
1877
1875
1875
1879
1878
1878
1884
1884
1885
1949
1949
1809
1809
1809
1809
1808
1808
1945
1830
1830
1829
1834
1834
1826
1826
1826
1823
1824
1824
1824
1970
1970
1970
1971
1968
1968
1982
1982
1982
1982
1983
1547
1983
1547
1547
1546
1546
1547
1547
1980
1981
1549
587
587
623
1548
1546
1548
1546
593
587
587
587
582
582
629
630
630
629
625
625
627
627
627
629
636
626
626
113
114
110
110
602
601
601
1276
601
1267
1267
115
115
109
842
835
835
835
838
1276
1275
1275
1275
1278
1278
75
76
76
76
838
858
858
858
857
857
843
843
844
1826
1826
1826
1823
1823
1972
1970
1970
1971
1971
455
455
456
456
457
457
398
398
400
400
400
400
390
390
391
391
489
489
264
264
263
257
258
260
260
260
300
300
301
301
297
299
337
339
300
303
302
302
302
302
356
356
355
355
343
343
343
350
348
348
348
358
357
357
343
344
344
344
344
345
754
754
753
753
71
71
69
75
75
76
76
76
754
754
753
1378
1378
1375
1375
1375
1398
1399
1399
1421
1265
1268
1268
1268
1267
603
603
604
603
1265
1266
1267
1267
1270
1270
1270
1279
1271
1279
1279
1280
1279
1279
1271
1271
1271
1272
1272
1280
1280
1280
1280
1277
1277
1271
1272
1272
1269
1410
1263
1410
1263
1263
1966
1966
1955
1877
1877
1875
1875
1878
1878
1878
1884
1949
1949
1948
1948
1945
1809
1945
1945
1946
1944
1946
1946
1946
1829
1829
1829
1825
1825
1825
1823
1972
1972
1973
1971
1971
1978
1978
1983
1983
1980
1980
1981
1980
1981
1981
1981
1549
1549
1548
1549
1549
1524
1520
1524
1524
1523
1523
1523
1523
1525
1526
1524
1524
1526
1519
1519
1520
1520
1520
1520
1548
1519
1519
1520
1553
1553
958
958
846
846
844
1278
1278
1405
1403
1402
1402
1402
1402
1403
1403
398
401
401
239
241
243
232
233
1266
1270
1270
390
488
488
489
489
264
264
263
258
258
258
337
337
337
339
339
303
303
302
243
243
244
244
244
247
247
249
249
249
136
136
138
138
139
134
135
135
133
133
153
153
153
154
186
185
481
443
443
440
440
441
441
454
495
494
494
456
457
457
457
849
845
1190
1191
487
487
486
401
401
401
113
114
116
115
115
109
109
109
223
115
238
238
238
239
116
756
756
756
239
239
752
751
751
759
780
780
780
779
776
779
776
776
1013
1013
1014
1014
1002
1002
1000
1000
1917
1917
1919
1919
1966
1966
1954
1955
1955
1958
1958
1958
1959
1950
1950
1949
1949
1948
1948
1945
1950
1951
1951
1951
1948
1944
1944
1947
1947
1947
1946
1829
1825
1825
1937
1937
1972
1973
1973
1973
1973
1979
1978
1978
1979
1979
1978
1983
1980
1977
1977
1981
1988
1988
1988
1988
1988
1991
1991
1991
1991
1990
1990
1990
1990
1991
1989
1112
1112
1112
1112
1112
1111
1111
1111
1111
1111
1498
1498
1498
1498
1525
1525
1525
1526
1526
1526
1527
1527
1519
1515
1530
1515
1516
1515
1516
1516
1516
1517
1517
1521
1521
1517
1517
1501
1533
1533
1533
1538
1538
1538
1538
1532
1532
1532
1532
1533
1531
1531
1531
1531
1537
1558
1558
1558
1559
1558
1552
1553
1552
1553
1553
1559
1522
1522
1522
1522
1522
1521
1941
1938
1938
1947
1947
1053
1053
1087
1087
1077
1078
1078
1079
1009
1009
1094
1094
1013
1014
1006
1006
1006
1000
1000
1962
1962
1966
1967
1967
1954
1954
1955
1955
1958
1958
1959
1959
1950
1951
1951
1941
1944
1941
1941
1938
1938
1937
480
480
476
476
477
495
495
495
494
494
492
487
486
486
486
484
357
357
357
346
344
345
345
754
358
354
354
352
352
346
346
345
345
750
750
750
752
752
114
116
116
751
751
759
759
780
779
779
772
772
772
775
771
759
771
771
751
760
759
765
766
842
842
836
836
836
837
837
838
956
956
956
958
956
957
958
957
959
959
958
959
1144
1152
1153
1153
1155
1155
1155
1085
1087
1087
1087
1077
1078
1078
1079
1079
1079
1094
1094
1094
1013
1005
1006
1006
1003
1003
1003
1962
1962
1967
1967
1967
1954
1954
1953
1957
1957
1959
1959
1940
1940
1940
1940
1941
1943
1938
1939
1937
1939
1972
1973
1974
1975
1979
1979
1976
1977
1977
1977
1985
1985
1984
1984
1984
1984
1986
1989
1989
1989
1989
1989
1114
1113
1110
1110
1110
1110
1496
1498
1499
1499
1499
1499
1499
1489
1525
1528
1528
1528
1528
1527
1527
1530
1530
1530
1530
1529
1514
1518
1511
1518
1518
1518
1518
1515
1976
1976
1998
1998
1517
1265
1266
245
245
247
247
248
249
249
138
752
761
763
760
152
152
152
154
154
154
481
480
480
480
476
476
477
477
477
495
494
492
492
487
487
486
484
484
484
488
488
489
491
264
263
263
258
338
338
338
337
335
339
339
340
340
303
303
356
356
356
358
358
354
354
351
352
352
346
346
365
365
750
761
752
1157
1157
1158
1158
1399
1399
1404
760
771
771
772
772
765
766
766
766
766
767
767
1093
1095
1096
1005
1005
1005
1004
1003
1003
1963
1963
1963
1964
1964
1965
1953
1953
1953
1957
1957
1957
1940
1943
1943
1943
1939
1939
1939
1974
1974
1975
1975
1976
1999
1999
1998
1998
1985
1985
1985
1987
1987
1987
1987
1986
1986
1114
1114
1114
1114
1113
1109
1110
1109
1113
1109
1116
1118
1118
1118
1118
1118
1117
1117
1117
1493
1493
1496
1109
1496
1496
1496
1497
1497
1490
1490
1490
1491
1488
1488
1491
1488
1488
1487
1486
1489
1488
1489
1489
1489
1486
1528
1486
1529
1529
1529
1527
1529
1485
1486
1485
1485
1513
1485
1513
1514
1513
1514
1512
1514
1514
1511
1511
1511
1511
1502
1502
1502
1501
1501
1501
1501
1500
1500
1502
1502
1975
1975
1997
1999
1403
641
641
720
641
726
726
726
728
727
727
726
1500
1500
1504
1504
1504
1504
1504
1503
1506
1506
1506
493
493
492
492
485
485
485
490
478
478
477
479
493
493
493
498
499
485
485
490
490
341
342
340
340
490
490
491
491
491
312
312
314
314
314
338
338
336
335
335
340
341
341
342
342
1158
1158
1167
1167
1167
1170
1170
1169
1169
1141
1193
1193
1230
1230
1230
1167
1169
1169
1169
1143
1143
1141
1143
1142
1142
1145
1144
1144
1152
1152
1152
1154
1154
1155
1085
1085
1085
1088
1077
1077
1078
1080
1079
1080
1093
1093
1095
1095
1096
1096
1005
1004
1004
1004
1963
1963
1961
1961
1964
1965
1965
1953
1952
1952
1956
1956
1943
1942
1942
1942
1942
1942
1974
1997
1997
1997
1999
1999
1993
1993
1994
1994
1994
1995
1995
1987
1986
1115
1986
1115
1108
1108
1115
1115
1115
1116
1113
1116
1120
1120
1117
1122
1122
1122
1122
1492
1492
1493
1492
1493
1493
1497
1497
1497
1495
1490
1495
1471
1468
1471
1468
1471
1471
1470
1490
1491
1491
1491
1487
1487
1486
1487
1484
1484
1484
1484
1485
1482
1482
1482
1482
1483
1483
1483
1480
1480
1483
1482
1452
1452
1452
1452
1453
1453
1445
1444
1445
1445
1445
1448
1448
1448
1448
1380
1380
1381
1377
1375
729
729
727
727
727
1080
1080
1080
1093
1093
1095
1095
1096
1096
1105
1105
1105
1004
1960
1960
1961
1961
1964
1964
1965
1965
1952
1952
1956
1956
1956
1997
770
770
770
770
765
765
1154
1086
1086
1086
1088
1088
1082
1082
1082
1083
1083
1083
1099
1099
1100
1100
1100
1106
1105
1105
1107
1960
1960
1961
1961
1992
1992
1992
1996
1996
1996
1997
1996
1996
1999
1993
1993
1994
1994
1995
1995
1108
1108
1101
1101
1120
1116
1120
1119
1119
1121
1121
1123
1122
1492
1492
1494
1494
1494
1494
1494
1495
1495
1495
1107
1101
1101
1102
1120
1119
1102
1103
1119
1119
1121
1121
1121
1124
1124
1123
1123
1123
1123
1336
1336
1336
1336
1338
1335
1338
1338
1335
1335
1336
1335
1468
1335
1469
1468
1468
1469
1469
1469
1475
1475
1475
1474
1474
1474
1474
1476
1476
1474
1470
1470
1470
1471
1470
1480
1483
1487
1480
1480
1481
1481
1481
1481
1453
1481
1477
1467
1467
1467
1466
1454
1453
1453
1455
1455
1455
1444
1444
1445
1449
1449
1449
1449
1451
1451
1451
1451
1451
1448
1513
1512
1512
1512
1512
1084
1083
1084
1084
1099
1099
1097
1097
1063
1063
1097
1450
1450
1450
1510
1510
1510
1510
1509
1088
1082
1082
1081
1083
1508
1509
1509
1512
1081
1081
1084
1084
1084
1063
1063
1064
1064
1062
1062
1062
1062
1097
1098
1098
1098
1098
1098
1099
1100
1100
1104
1106
1106
1107
1107
1960
1995
1992
1992
1993
1507
1508
1507
1507
1507
1505
1505
1505
1505
1506
1508
1508
1508
1509
1509
1506
1503
1503
1504
1503
1541
1541
1541
1541
1539
1539
1539
1538
1539
1539
1543
1534
1534
1543
1545
1534
1545
1535
1535
1534
1534
1532
1537
1535
1537
1537
1537
1536
1536
1536
1748
1748
1741
1738
1738
1738
1739
1738
1748
1536
1535
1738
1545
1739
1739
1720
1720
1720
1739
1739
1741
1741
1740
1740
1740
1735
1737
1469
1339
1340
1475
1472
1319
1472
1472
1475
1473
1473
1472
1473
1473
1473
1312
1312
1315
1320
1320
1315
1315
1315
1315
1313
1317
1317
1317
1313
1313
1313
1312
1314
1312
1479
1479
1479
1478
1478
1476
1476
1477
1477
1477
1477
1478
1478
1467
1467
1467
1466
1465
1466
1466
1454
1459
1466
1459
1459
1459
1454
1459
1458
1458
1458
1457
1459
1456
1456
1063
1510
1563
1442
1442
1564
1442
1442
1441
1441
1564
1566
1564
1566
1441
1565
1565
1568
1564
1564
1563
1563
1562
1563
1562
1562
1573
1575
1575
1573
1573
1573
1574
1574
1574
1503
1574
1621
1622
1622
1540
1541
1622
1540
1540
1540
1542
1543
1543
1543
1542
1543
1544
1544
1545
1544
1545
1545
1720
1721
1721
1721
1722
1722
1721
1721
1718
1718
1720
1719
1718
1719
1719
1719
1732
1732
1733
1104
1103
1103
1103
1124
1124
1124
1124
1062
1068
1068
1068
1338
1338
1068
1337
1337
1337
1342
1339
1342
1342
1342
1342
1340
1339
1339
1341
1341
1341
1321
1321
1341
1323
1334
1334
1341
1328
1328
1334
1334
1334
1334
1333
1333
1333
1333
1333
1324
1324
1324
1326
1324
1323
1323
1323
1322
1321
1322
1322
1322
1320
1320
1321
1319
1321
1319
1319
1320
1340
1340
1340
1478
1479
1465
1465
1465
1461
1461
1461
1461
1461
1460
1460
1460
1460
1391
1391
1391
1391
1390
1458
1458
1390
1394
1457
1457
1457
1457
1456
1456
1455
1455
1454
1454
1447
1447
1447
1437
1439
1447
1446
1446
1446
1446
1438
1438
1443
1443
1443
1443
1450
1451
1449
1444
1446
1447
1442
1443
1440
1441
1441
1440
1440
1389
1386
1440
1386
1386
1388
1388
1388
1389
1389
1566
1566
1389
1579
1579
1579
1579
1565
1566
1565
1568
1567
1565
1567
1580
1567
1567
1567
1591
1572
1572
1568
1575
1568
1568
1562
1562
1575
1572
1575
1576
1576
1569
1569
1572
1571
1569
1569
1576
1576
1576
1574
1621
1621
1621
1622
1622
1624
1624
1540
1624
1624
1623
1542
1542
1542
1613
1613
1544
1613
1613
1613
1722
1723
1722
1723
1611
1612
1669
1723
1669
1723
1725
1725
1725
1723
1725
1724
1724
1718
1724
1724
1725
1636
1614
1614
1614
1623
1623
1623
1623
1616
1614
1616
1616
1616
1614
1614
1611
1612
1611
1612
1612
1669
1669
1669
1670
1670
1670
1636
1639
1639
1639
1639
1639
1638
1638
1633
1633
1633
1636
1636
1636
1391
1393
1393
1392
1392
1390
1390
1394
1394
1394
1394
1437
1395
1395
1395
1395
1387
1439
1437
1439
1437
1104
1103
1067
1067
1068
1066
1066
1337
1327
1327
1337
1327
1327
1330
1328
1328
1330
1331
1331
1332
1332
1346
1346
1346
1346
1346
1373
1332
1373
1373
1373
1374
1373
1374
1370
1369
1370
1369
1370
1365
1369
1369
1344
1344
1369
1344
1344
1344
1345
1343
1345
1345
1345
1345
1351
1326
1326
1326
1324
1326
1326
1322
1316
1316
1316
1316
1316
1318
1318
1316
1325
1440
1438
1438
1438
1439
1439
1387
1386
1386
1388
1387
1387
1396
1395
1376
1377
1377
1388
1381
1385
1385
1385
1389
1385
1385
1579
1578
1580
1580
1580
1581
1582
1580
1578
1578
1581
1581
1582
1591
1591
1591
1571
1572
1571
1571
1592
1571
1570
1570
1618
1617
1617
1617
1621
1624
1617
1620
1624
1618
1618
1620
1620
1620
1615
1616
1620
1616
1615
1615
1615
1610
1610
1610
1610
1610
1611
1609
1609
1609
1600
1609
1600
1600
1668
1668
1668
1668
1667
1667
1667
1667
1612
1667
1670
1664
1670
1664
1664
1664
1638
1638
1633
1627
1625
1368
1374
1367
1367
1367
1367
1368
1370
1368
1368
1361
1362
1362
1362
1362
1370
1365
1362
1365
1365
1365
1350
1350
1350
1350
1350
1343
1343
1343
1347
1352
1352
1351
1351
1325
1355
1325
1325
1325
1318
1318
1355
1355
1355
1358
1356
1358
1358
1358
1318
1317
1260
1260
1260
1260
1313
1314
1314
1259
1259
1259
1259
1258
1257
1257
1257
1257
1262
1258
1258
1262
1261
1261
1262
1262
1262
1413
1413
1259
1462
1462
1314
1314
1479
1464
1464
1415
1415
1415
1411
1393
1393
1393
1401
1408
1408
1411
1411
1417
1420
1417
1420
1409
1409
1409
1420
1420
1419
1410
1420
1419
1417
1418
1419
1419
1419
1410
1430
1430
1424
1424
1424
1424
1269
1266
1422
1422
1422
1423
1422
1423
1423
1425
1423
1422
1421
1265
1421
1428
1428
1428
1428
1425
1428
1425
1427
1421
1664
1665
1663
1663
1663
1665
1666
1666
1660
1668
1600
1600
1597
1663
1663
1347
1347
1347
1348
1348
1348
1348
1354
1354
1352
1352
1351
1356
1355
1356
1356
1357
1357
1358
1254
1357
1253
1253
1253
1254
1254
1254
1254
1358
1260
1258
1258
1256
1256
1255
1256
1256
1261
1261
1256
1252
1261
1264
1272
1264
1264
1264
1264
1263
1418
1414
1413
1418
1418
1418
1417
1414
1414
1414
1413
1414
1463
1463
1462
1463
1462
1463
1464
1463
1464
1263
499
499
499
491
491
312
312
313
314
314
336
336
336
335
341
341
342
342
342
358
353
353
354
351
351
352
364
366
365
365
365
762
762
761
762
761
763
764
763
763
758
760
760
758
758
769
770
769
768
768
768
767
767
836
836
837
965
967
837
837
967
956
957
966
966
957
960
957
960
960
961
952
952
953
952
953
948
949
949
949
949
953
953
955
954
955
954
954
953
959
959
954
954
955
1201
1201
1200
846
846
846
845
845
845
1190
1190
1191
1199
1199
1190
1191
1191
1162
1191
1193
1193
1193
1230
1230
1231
1231
1232
1232
1233
1233
1143
1143
1142
1142
1142
1144
1244
1244
1244
1152
1154
1154
1247
1086
1086
1092
1088
1089
1089
1089
1081
1089
1071
1071
1071
1064
1064
1064
1072
1070
1067
1067
1067
1065
1066
1066
1330
1330
1330
1331
1329
1331
1372
1371
1332
1332
1371
1371
1371
1374
1374
1238
1239
1239
1239
1238
1238
1238
1240
1240
1241
1241
1236
1235
1235
1236
1236
1237
1239
1237
1367
1368
1361
1222
1361
1361
1222
1224
1224
1205
1205
1361
1360
1360
1360
1360
1360
1364
1366
1366
1366
1349
1349
1349
1349
1348
1283
1349
1288
1283
1291
1282
1290
1282
1282
1283
1283
1283
1281
1281
1281
1354
1354
1353
1353
1354
1353
1352
1356
1353
1357
1357
1311
1311
1253
1253
1255
1254
1329
1329
1329
1329
1074
1372
1372
1372
1372
1371
1240
1074
1074
1074
1073
1075
1075
1075
1241
1240
1241
1241
1235
1235
1235
1234
1249
1249
1236
1236
1237
1237
1223
1222
1222
1222
1223
1223
1224
1224
1225
1225
1205
1205
1203
1359
1359
1203
1359
1359
1364
1364
1366
1366
1288
1288
1288
1291
1289
1289
1364
1289
1289
1291
1290
1291
1290
1292
1292
1290
1290
1284
1282
1282
1281
1306
1306
1310
1310
1311
1353
1311
1311
1310
1310
1306
1307
1310
1309
1309
1309
1309
1311
1250
1250
1255
1250
1251
1255
1252
1252
1252
1252
1251
1251
1251
1277
1251
1308
1300
1277
1300
1300
1300
1301
1302
1302
1302
1274
1274
1274
1274
1274
1278
1302
599
599
605
606
606
606
608
597
597
598
597
598
598
598
595
596
596
596
585
545
545
545
542
542
585
542
543
543
543
543
543
585
589
586
589
589
589
589
586
586
586
586
585
585
593
588
588
582
588
590
590
590
590
591
591
1224
1219
1219
1225
1225
1204
1204
1204
1204
1205
1203
1203
1203
1216
1363
1363
1364
1363
1294
1289
1291
1295
1295
1295
1292
1292
1293
1293
1284
1286
1284
1284
1285
1285
1285
1285
1306
1306
1307
1231
1231
1232
1232
1232
1233
1233
1233
1245
1245
1245
1245
1245
1244
1244
1246
1246
1247
1247
1247
1092
1092
1092
1090
1090
1089
1090
1071
1071
1072
1072
1070
1070
1065
1065
1065
1066
1070
1069
1069
1069
1074
1073
1069
1073
1073
139
135
135
135
133
126
152
152
155
155
155
481
481
483
482
482
478
478
479
479
479
498
498
498
499
499
497
497
313
313
313
316
316
327
336
328
328
333
333
334
334
353
353
353
351
364
364
364
366
366
366
762
762
764
764
764
764
763
757
757
758
757
757
925
926
927
927
758
927
769
769
768
768
767
965
965
965
965
967
967
967
966
960
966
964
964
964
963
963
960
961
961
952
948
948
946
947
948
949
944
945
945
944
950
950
951
950
951
951
951
955
955
1196
1197
1196
1197
1196
1196
1196
1201
1201
1200
1200
1200
1199
845
1199
1199
1192
1192
1192
1193
1189
1189
1189
1231
1229
1226
1226
1226
1227
1227
1227
1221
1221
1245
1243
1242
1242
1242
1246
1246
1248
1248
1248
1248
1247
1092
1092
1091
1090
1090
1076
1076
1072
1072
1070
1076
1076
1075
1075
1241
1234
1234
1234
1234
1249
1249
1243
1243
1237
1243
1218
1218
1237
1223
1091
1091
1091
1076
1076
1091
1380
1381
1380
1382
1381
1381
1377
1377
1376
1376
1376
1293
1286
555
554
1286
1286
1287
1287
1287
1287
1304
1304
1285
1304
1305
1304
1305
1305
1305
1307
1307
1307
1308
1308
1309
1250
1300
1301
1301
1301
1301
1301
1308
1308
1305
1296
1298
1296
1298
1298
1298
1299
1303
1303
1303
1303
1303
1299
600
599
599
599
600
605
600
600
600
600
598
536
536
536
545
545
545
544
544
544
544
542
540
541
522
522
520
520
520
520
523
523
524
518
518
518
665
669
517
669
517
517
920
920
920
917
917
965
964
964
917
962
962
962
962
940
940
962
918
940
940
941
941
963
963
961
961
946
946
947
947
947
947
945
945
944
944
987
980
980
980
980
980
950
950
983
982
951
1197
1197
1197
1195
1194
1201
1201
1200
1198
1198
1198
1198
1187
1192
1192
1189
1189
1188
1229
1229
1229
1229
1228
1228
1226
1228
1227
1219
1221
1227
1221
1220
1220
1220
1220
1221
1243
1220
1243
1242
1242
1249
1218
1218
1223
1219
1219
1225
1228
1204
1206
1206
1206
1207
1207
1202
1202
1202
1209
1212
1207
1209
1212
1212
1216
1217
1212
1217
1217
1216
1216
1202
1216
1363
1363
1294
1217
1294
1294
1214
1294
1295
529
529
523
524
523
530
526
526
524
524
524
665
665
666
665
670
669
669
670
670
668
669
631
631
631
630
630
625
667
667
667
667
667
660
660
625
626
626
645
645
644
644
644
642
642
642
642
642
643
640
640
643
728
728
729
729
729
733
733
733
730
730
730
731
731
730
731
731
731
724
724
736
736
737
738
738
739
739
739
739
741
741
68
68
63
63
64
64
71
70
69
69
73
74
74
86
86
86
86
88
88
113
114
88
87
114
116
234
238
238
240
241
241
241
245
245
245
240
240
247
248
248
248
130
138
138
139
139
127
127
126
126
150
151
151
155
155
155
481
483
483
482
482
478
479
473
472
472
498
496
496
497
497
313
318
316
316
315
327
327
328
328
333
333
334
367
367
367
363
363
364
359
361
361
366
366
934
934
764
935
935
925
925
926
926
928
927
927
920
920
919
919
919
919
913
913
918
918
917
918
917
741
741
68
712
68
68
68
67
65
65
65
70
70
69
73
74
74
84
84
85
85
86
88
88
87
87
234
234
234
240
240
241
1214
972
1295
1295
1292
1293
1293
555
555
554
554
548
554
548
548
1287
1297
1297
546
548
546
547
547
546
546
1297
1297
1296
1296
1297
1298
1299
1299
1299
531
532
532
531
531
536
536
537
534
544
540
540
540
541
541
541
520
529
529
530
530
526
526
526
525
525
525
666
666
666
664
670
664
664
663
670
668
663
668
668
668
706
733
733
733
707
710
732
732
732
732
736
736
736
712
712
712
4
717
4
4
4
4
67
67
67
65
66
66
70
70
73
73
74
84
84
84
85
85
85
87
92
87
235
235
235
235
237
237
236
248
130
130
139
130
127
127
127
126
126
150
150
151
148
148
149
149
483
483
482
471
471
473
473
472
472
472
496
496
497
318
318
318
316
315
315
329
327
328
330
333
334
334
367
367
368
363
363
359
359
361
361
361
934
934
935
935
935
925
925
926
926
928
928
928
928
913
913
916
918
916
918
916
940
941
941
941
963
946
946
942
943
943
943
943
945
986
986
987
987
987
981
981
981
983
983
983
983
982
982
1210
1210
1210
1195
1195
1194
1194
1194
1187
1188
1187
1195
1187
1195
1208
1208
1207
1206
1188
1207
1206
1188
1188
237
237
236
236
131
131
130
131
128
125
125
125
150
150
151
151
148
149
149
146
470
470
471
471
473
473
473
475
475
475
318
317
318
315
315
319
329
329
330
330
331
331
370
368
368
368
374
359
360
360
362
362
362
934
933
936
936
936
932
923
923
923
924
924
914
914
916
916
915
915
937
937
942
942
942
942
938
938
943
985
986
986
987
988
981
981
979
979
979
979
979
978
978
978
976
976
978
977
977
983
982
982
1211
1211
1210
1210
1208
1208
1209
1207
626
644
647
644
647
646
643
643
643
646
728
728
708
706
706
706
707
710
710
711
711
713
710
732
739
739
713
713
713
712
717
717
3
3
6
5
5
67
66
66
66
8
10
10
10
82
82
83
83
83
77
89
89
92
92
92
92
91
235
237
236
236
131
131
128
128
125
140
140
141
142
142
148
149
146
146
470
470
471
469
474
474
475
475
317
317
317
326
320
319
329
329
330
331
331
370
370
369
368
374
374
360
360
360
362
933
933
936
930
932
932
932
923
923
924
924
914
914
914
915
915
915
937
910
939
939
937
937
938
938
938
985
985
985
986
988
988
988
968
968
968
970
970
970
973
973
973
972
976
1214
1215
976
977
977
977
1211
1211
1211
1213
1213
1213
1209
1209
1212
1213
1213
1215
1215
972
972
974
974
975
975
975
555
555
557
557
557
549
548
549
547
547
547
533
533
532
532
532
531
537
535
533
535
535
535
534
534
534
537
537
537
537
550
550
535
550
550
551
551
538
539
539
539
528
528
539
539
538
538
538
932
922
922
922
924
907
907
908
908
910
910
910
939
939
939
984
984
984
985
989
988
991
991
968
969
969
971
970
970
973
974
973
974
974
975
556
556
556
557
557
549
549
553
553
550
551
533
533
975
975
971
971
556
556
560
560
549
553
553
552
551
551
528
528
528
530
529
541
540
530
530
510
510
510
510
510
507
525
525
664
664
684
507
508
684
684
664
663
663
663
662
662
662
662
661
661
661
660
661
129
128
128
140
140
141
141
142
142
147
147
147
146
470
468
469
469
474
474
325
326
326
326
320
320
319
319
330
331
332
332
370
369
369
369
374
374
371
371
362
884
933
936
884
884
930
930
930
930
932
931
931
921
922
922
907
908
908
909
909
910
997
997
996
996
984
989
989
989
991
991
991
969
969
969
971
971
558
558
558
560
560
560
561
553
552
552
527
552
527
527
527
502
501
510
509
509
509
507
508
508
507
129
129
129
129
79
79
141
141
143
143
144
147
147
147
468
468
469
469
325
325
325
326
326
320
320
321
322
322
332
332
332
370
369
373
373
373
371
371
371
884
884
885
885
929
929
929
931
931
931
893
921
921
921
907
907
908
909
909
911
911
909
912
997
997
996
996
993
993
989
992
992
990
990
990
559
559
558
558
561
561
561
561
552
500
502
502
502
501
501
509
509
511
511
508
508
514
683
684
684
675
676
676
676
662
671
671
661
659
659
660
660
659
647
647
646
646
708
646
708
708
709
709
708
709
707
707
710
711
705
714
717
711
711
713
709
709
707
705
705
703
704
703
703
702
703
702
702
702
704
704
705
705
704
714
714
716
714
716
717
717
716
3
3
6
6
5
5
8
7
8
8
10
9
9
10
82
82
83
83
77
77
77
89
89
90
91
91
91
90
90
90
79
79
79
57
57
143
143
143
144
144
145
145
145
468
324
324
325
323
323
321
321
322
322
322
43
43
43
45
45
44
373
372
372
372
883
885
885
885
879
879
929
929
892
893
893
895
906
906
906
906
911
911
911
912
997
997
996
998
998
993
993
992
992
990
990
505
505
559
559
559
561
500
500
500
505
503
503
501
502
501
503
512
511
511
511
514
514
514
683
683
683
675
675
675
675
676
676
676
673
671
673
672
672
674
700
700
672
672
671
658
658
659
656
656
659
656
647
656
657
657
657
657
658
657
703
658
672
702
700
701
701
698
704
715
715
715
716
716
0
0
6
6
5
7
7
8
9
9
9
12
82
12
81
50
51
50
51
51
81
81
1215
50
52
51
51
81
81
78
78
78
80
89
90
90
80
80
80
57
57
55
54
54
144
144
145
145
59
324
324
323
323
321
321
36
36
42
43
43
45
45
44
44
372
372
372
883
882
882
882
886
879
879
879
892
892
893
893
895
895
897
897
896
896
912
912
998
999
998
999
995
993
992
994
994
994
504
506
506
505
505
506
506
506
503
503
504
504
512
512
504
504
994
994
512
512
513
513
514
679
679
679
681
683
685
685
678
685
678
678
678
673
673
674
674
694
700
658
701
701
698
698
715
715
693
693
692
692
0
2
2
2
1
1
13
7
13
14
12
12
12
50
50
48
53
53
52
52
56
78
78
80
56
58
58
59
59
35
324
35
37
37
36
36
42
42
45
45
44
44
18
18
17
883
883
882
887
886
886
878
878
892
892
890
890
895
897
897
896
896
905
905
912
999
999
995
995
995
513
513
679
680
681
681
681
681
682
686
686
685
685
686
677
678
674
674
694
694
694
695
695
701
701
699
699
699
699
698
698
693
693
692
692
0
0
2
2
1
1
13
14
14
14
11
11
48
48
48
47
53
53
53
52
52
56
56
55
57
55
54
54
60
58
59
59
35
35
37
37
36
31
42
39
39
39
38
38
18
18
18
17
883
888
887
887
887
889
887
886
880
878
878
891
890
891
890
894
894
897
895
896
902
905
905
905
999
680
680
995
513
680
680
682
682
904
904
682
682
686
686
686
677
901
677
677
677
695
695
898
898
697
695
696
696
696
699
693
693
691
692
24
24
23
23
23
1
13
29
29
13
14
29
27
14
11
11
49
48
49
46
47
47
53
61
60
55
55
60
60
60
58
34
35
34
37
33
31
31
39
39
38
38
16
16
16
17
17
888
888
888
889
889
880
880
881
881
881
891
894
894
902
902
902
904
904
905
904
903
900
901
901
901
898
898
876
876
876
876
697
696
696
690
697
690
691
697
697
690
687
687
690
691
691
24
24
24
25
26
23
29
29
27
27
28
28
49
49
46
46
47
47
61
61
61
34
34
34
33
33
32
31
41
40
40
40
16
16
15
15
15
888
889
889
889
875
875
880
881
881
891
891
894
903
903
903
903
900
900
900
901
898
899
877
877
876
687
687
689
691
688
25
25
26
26
30
30
30
27
27
28
28
49
49
46
46
32
33
61
33
32
32
32
41
40
40
20
20
21
21
15
22
22
689
689
689
875
875
875
881
877
877
899
899
900
899
899
877
689
688
688
25
25
26
26
30
30
19
19
28
41
41
41
19
20
20
21
21
22
22
22
688
688
22
21
30
20
19
1401
1401
1401
1392
1392
1398
1401
1398
1398
1399
1400
1400
1400
1402
1405
1400
1407
1407
1407
1435
1436
1400
1384
1387
1104
1106
1106
1107
1108
1108
1102
1102
1102
1104
1581
1578
1582
1591
1607
1570
1570
1618
1607
1607
1608
1608
1619
1618
1619
1619
1606
1417
1416
1415
1415
1397
1397
1392
1397
1397
1395
1396
1396
1396
1376
1397
1563
1328
1342
1695
1696
1697
1697
1687
1687
588
588
1686
1665
1665
1266
197
1535
1521
1559
1536
1559
1533
1537
1559
1516
1269
1269
1215
1214
1214
666
1217
1380
1383
1382
1382
1383
1384
1384
1287
1731
1462
1384
1384
1382
1603
1464
1465
604
1413
608
608
597
608
1228
648
1269
1552
1552
1116
1416
1416
1416
1416
