834
781
392
63
200
999
834
834
833
833
828
828
828
828
814
814
814
814
814
823
823
823
823
824
824
824
798
798
799
799
799
797
797
796
796
796
804
804
805
805
781
781
781
781
781
786
787
787
700
700
700
700
699
699
699
709
709
708
708
708
714
714
714
714
716
716
716
716
389
389
389
386
386
386
386
392
392
393
393
398
398
398
398
400
400
400
401
401
401
456
456
456
457
464
464
464
464
465
465
465
465
484
485
485
490
490
490
491
491
491
495
495
494
494
492
492
492
492
57
57
57
57
57
47
47
47
48
48
49
49
49
87
87
87
88
91
91
91
92
92
67
67
67
67
63
63
63
63
64
64
64
64
62
62
76
76
75
75
75
74
74
74
123
123
123
124
119
119
119
119
120
120
111
111
111
109
109
109
220
220
220
221
221
221
221
232
232
232
233
233
233
210
210
210
212
212
212
195
195
194
194
201
201
201
201
200
200
200
200
199
199
199
199
198
198
188
188
188
188
187
180
180
180
180
180
182
182
182
181
181
156
156
156
157
157
157
162
162
162
344
344
344
344
346
346
346
346
345
345
352
355
355
355
355
356
356
356
317
317
318
318
318
313
313
313
313
325
325
324
324
323
323
323
570
570
569
569
575
575
575
576
576
576
566
566
566
566
567
567
567
567
567
611
611
610
610
610
622
622
622
623
623
623
623
623
507
507
507
508
508
508
514
514
501
501
501
501
500
500
965
965
965
965
967
966
966
966
966
956
958
958
958
958
990
990
990
990
990
988
988
988
996
996
996
996
997
999
999
999
999
999
998
998
994
994
994
995
995
995
973
973
973
971
971
968
968
968
969
969
969
882
882
885
885
885
889
889
888
888
898
898
898
901
901
901
850
850
850
850
849
847
847
847
847
835
835
838
838
838
837
837
837
831
831
831
831
834
834
708
386
700
700
834
834
823
805
805
814
828
835
847
700
699
850
850
850
787
787
386
708
709
317
317
318
318
313
313
313
313
313
325
324
324
323
323
323
570
570
569
569
569
575
575
575
576
576
566
566
566
566
567
567
567
567
567
611
611
610
610
610
610
622
622
622
623
623
623
623
623
507
507
507
508
508
514
514
501
501
501
501
500
500
500
965
965
965
967
967
966
966
966
956
956
958
958
958
958
990
990
990
990
988
988
988
988
996
996
996
997
997
999
999
999
998
998
998
994
994
994
995
995
973
973
973
971
971
971
968
968
968
969
969
882
882
882
885
885
889
885
889
889
889
888
888
888
888
898
888
899
899
899
899
899
899
898
898
898
898
901
901
901
901
901
900
900
850
850
850
849
849
849
849
848
848
849
847
847
847
847
848
848
848
835
835
835
835
835
835
836
848
845
845
845
845
836
836
836
836
840
840
836
840
840
836
836
839
838
838
838
838
836
836
838
838
838
837
837
837
837
837
831
831
832
832
832
832
832
832
829
829
832
832
832
833
833
834
834
833
834
831
831
123
124
124
119
119
119
120
120
111
111
111
111
109
109
220
220
220
220
221
221
221
232
232
232
232
233
233
210
210
210
212
212
212
212
195
195
194
194
201
201
201
200
200
200
199
199
199
198
198
188
188
188
188
187
187
180
180
180
180
182
182
182
181
181
156
156
156
157
157
157
162
162
162
162
344
344
344
344
346
346
346
345
345
352
352
355
355
355
356
356
356
356
317
317
318
318
318
314
314
314
313
325
325
324
324
323
323
323
570
570
569
569
569
572
575
575
576
576
566
566
565
565
568
568
568
568
611
611
611
610
610
610
622
622
622
622
624
624
624
624
509
507
507
508
508
514
514
514
502
502
501
501
500
500
964
965
965
965
967
967
966
966
956
956
956
958
958
959
959
990
991
991
989
989
988
988
987
996
996
997
997
999
999
998
998
994
994
994
995
995
973
973
973
972
971
971
971
968
968
969
969
969
969
883
882
882
882
882
885
885
889
889
889
888
888
888
902
902
902
902
902
902
902
903
903
903
903
903
903
904
904
904
904
905
904
905
905
905
904
904
904
904
844
844
844
844
844
852
852
844
852
852
852
854
854
852
844
844
844
844
843
843
900
843
900
900
900
900
899
899
899
899
76
75
75
75
73
74
74
123
123
123
124
124
124
119
119
120
120
120
111
111
112
112
109
109
220
220
220
221
221
221
230
232
232
232
233
233
210
210
210
211
212
212
213
213
195
194
194
194
201
201
200
200
199
199
198
198
189
189
188
188
187
187
187
180
179
179
179
182
182
181
181
181
156
156
157
157
157
161
162
162
162
159
344
344
343
343
346
346
345
345
345
345
352
352
352
355
355
355
356
356
356
357
317
317
318
318
314
314
314
314
325
325
325
324
324
323
320
320
570
570
569
572
572
572
575
576
576
576
565
565
565
565
568
568
568
611
611
611
611
609
609
621
621
621
621
621
624
624
624
509
509
507
508
508
514
514
514
502
502
502
502
500
500
964
964
964
964
967
967
967
966
956
956
956
957
959
959
959
959
991
991
991
989
989
989
987
987
996
997
997
998
998
998
993
993
994
995
995
995
972
972
972
972
971
971
970
968
970
969
883
883
883
883
883
885
884
884
887
887
889
887
887
887
902
890
902
890
903
903
883
883
884
884
884
887
887
887
400
401
401
456
890
890
890
890
903
903
903
823
824
824
401
401
401
456
459
459
459
459
456
456
457
456
456
457
457
464
464
464
464
465
465
465
484
484
485
485
490
490
491
491
491
495
495
494
494
494
492
492
492
493
57
57
57
57
57
47
47
48
48
48
49
49
87
87
87
88
88
91
91
91
92
92
67
67
67
68
63
63
63
64
64
64
62
62
62
76
76
75
75
73
73
74
74
123
123
123
124
124
124
117
120
120
120
112
112
112
112
109
109
110
219
219
219
218
218
230
230
231
231
233
233
233
211
211
211
213
213
213
213
195
195
194
194
196
201
201
199
198
198
198
189
189
189
189
187
187
187
179
179
179
179
182
182
181
181
181
156
158
158
157
161
161
161
160
159
159
343
343
343
343
346
345
345
347
347
352
352
352
358
358
358
357
357
357
357
317
317
315
315
314
314
314
325
325
326
326
324
324
320
320
320
570
570
572
572
572
574
574
574
573
573
565
565
565
565
568
568
568
612
612
612
609
609
609
621
621
621
621
624
624
624
509
509
509
510
508
513
513
513
513
502
502
502
502
505
505
964
964
964
964
967
967
960
960
957
957
957
957
959
959
959
959
991
991
989
989
989
987
987
987
997
997
997
993
993
993
992
992
972
972
972
972
974
974
970
970
970
970
876
876
876
876
883
485
485
490
490
975
974
974
974
970
970
970
970
876
876
876
876
883
392
392
393
393
398
398
398
398
400
400
400
400
400
400
401
401
884
884
884
884
886
886
886
886
887
887
484
485
399
404
405
405
848
848
848
846
843
846
846
845
848
849
849
849
843
843
843
843
843
846
824
824
824
886
890
886
886
886
891
890
891
891
846
846
846
845
845
890
846
846
846
846
492
493
493
56
56
56
56
56
56
56
492
493
493
493
493
493
854
854
854
854
854
854
854
855
857
857
857
857
855
855
855
855
855
855
855
856
856
845
856
856
856
856
856
856
842
856
842
840
842
841
840
841
840
840
840
856
845
392
392
387
387
387
392
392
390
390
390
387
384
390
390
390
392
393
393
393
393
393
391
391
391
391
399
393
398
399
399
399
399
399
399
404
404
404
405
405
405
459
459
459
459
458
458
458
459
453
453
458
458
457
458
457
467
457
467
467
467
467
467
466
467
466
466
466
464
465
465
465
484
484
484
485
485
485
490
490
488
488
491
491
491
491
495
495
495
495
495
494
494
494
493
493
496
496
55
54
54
496
497
54
54
54
55
55
56
55
56
56
46
46
46
47
47
48
48
48
49
49
49
49
87
87
88
88
88
88
88
91
91
92
92
92
67
67
68
68
63
63
64
64
62
62
76
76
76
75
73
73
73
74
74
122
122
122
124
124
117
117
117
120
112
112
112
112
110
110
110
110
219
219
218
218
230
230
230
231
231
231
231
211
211
211
211
213
213
213
195
195
195
196
196
196
193
193
193
193
179
179
186
183
183
184
184
184
158
158
158
158
161
161
161
160
160
159
159
343
343
343
348
347
347
347
347
351
351
352
351
358
358
358
357
357
357
316
316
316
315
315
312
312
312
326
326
326
326
319
320
320
320
322
571
571
572
572
572
574
574
573
573
573
563
563
563
564
564
564
612
612
612
609
609
609
609
621
618
618
618
617
617
509
509
509
510
510
513
513
513
513
513
504
504
504
504
505
505
964
963
963
963
963
960
960
957
957
957
957
957
952
954
954
954
991
991
989
989
987
987
987
993
993
993
993
992
992
992
975
975
975
975
974
974
974
978
978
979
979
876
876
877
877
877
877
884
884
880
880
886
881
881
891
891
891
891
891
891
892
892
905
905
905
322
571
571
571
571
574
574
574
573
573
573
563
563
564
564
564
564
612
612
613
613
615
615
615
618
618
618
617
617
617
509
510
510
510
512
512
512
511
511
511
504
504
504
504
505
505
963
963
963
963
960
960
960
953
953
953
952
952
952
954
954
954
991
985
985
985
987
986
986
993
992
992
992
975
975
975
975
975
974
974
978
978
979
979
875
877
877
877
877
880
880
880
881
881
881
894
894
894
891
892
892
892
892
892
892
893
905
893
905
905
905
851
851
851
852
852
852
852
853
854
851
851
851
851
864
864
864
864
864
851
851
831
196
196
196
196
196
189
189
189
189
193
193
193
193
193
186
186
186
183
183
184
184
184
158
158
158
161
161
161
160
160
160
159
159
348
348
348
348
347
347
347
351
351
351
351
351
353
358
358
351
353
353
358
358
348
348
348
350
350
354
354
354
354
353
353
353
370
370
357
357
316
316
316
316
316
53
85
87
87
88
85
85
798
799
798
799
799
799
803
803
803
803
803
803
803
803
799
805
781
781
802
802
798
802
798
802
798
826
826
826
826
826
820
820
820
820
820
750
802
802
802
708
714
714
714
714
496
497
497
54
54
54
54
55
55
55
76
76
72
72
72
58
55
55
457
66
72
72
72
72
73
796
804
804
804
805
73
73
73
74
70
122
122
121
121
121
117
117
117
114
114
114
114
110
110
110
110
219
219
219
218
218
230
230
230
231
231
231
231
211
217
217
215
215
215
215
197
197
197
197
196
196
190
191
191
191
193
193
192
192
186
186
186
183
183
183
184
184
184
158
165
165
165
165
160
160
160
160
159
159
348
348
349
349
349
350
350
354
354
354
353
353
353
370
370
370
369
369
369
316
316
315
315
315
312
312
312
326
326
319
319
319
320
320
322
322
322
571
571
571
571
574
574
574
573
573
563
563
563
564
564
564
612
613
613
613
615
615
615
618
618
618
617
617
617
617
510
510
510
512
512
512
512
511
511
503
503
504
504
505
505
962
962
962
963
963
960
960
961
953
953
953
952
952
954
954
954
954
985
985
985
985
986
986
992
986
986
980
980
975
980
980
980
978
978
978
979
979
979
979
979
875
875
877
877
878
880
880
880
881
881
881
894
894
894
895
896
896
892
892
896
893
893
893
893
893
893
849
855
858
893
893
405
405
459
896
897
897
897
897
866
864
864
405
386
386
387
403
453
453
453
455
455
458
458
799
799
797
797
797
797
797
797
800
800
800
512
511
511
503
503
503
503
505
505
506
962
962
962
962
961
961
961
961
953
953
952
952
955
955
955
955
955
984
985
985
985
986
708
708
706
706
714
715
714
984
984
984
986
986
986
980
980
46
55
50
46
46
46
47
46
47
47
984
118
117
117
113
114
114
114
114
115
115
110
223
219
219
218
218
218
230
227
227
227
226
226
226
217
217
216
215
215
215
215
197
197
197
197
190
190
191
191
191
192
192
192
186
186
186
185
185
185
183
183
183
184
176
176
165
165
165
165
169
169
169
168
168
168
168
167
349
167
349
349
349
350
350
350
354
354
354
353
370
370
370
370
369
369
369
369
327
327
315
315
312
312
312
326
326
319
319
319
319
321
322
322
322
322
581
581
581
584
584
584
584
579
579
579
563
563
562
562
562
613
613
613
613
615
615
615
618
619
619
619
620
620
521
521
521
510
512
512
516
511
511
511
503
503
503
506
506
506
506
962
962
962
961
961
961
961
961
953
953
952
955
955
955
955
955
984
984
984
984
981
981
981
981
980
980
982
978
978
978
62
66
66
66
65
72
71
71
72
72
70
70
70
70
122
122
121
121
121
118
118
118
113
113
113
114
114
115
115
115
223
223
224
224
224
224
224
227
227
227
227
226
226
217
217
216
216
215
214
214
214
197
190
85
85
85
86
88
455
458
467
467
467
467
460
466
460
460
463
463
466
466
466
190
190
190
191
191
191
192
192
192
192
185
185
185
185
185
177
178
708
708
709
707
706
706
706
706
706
704
704
704
704
704
715
715
706
706
705
704
399
399
404
404
404
404
405
403
403
403
453
453
453
452
413
416
413
416
416
452
452
453
453
403
413
413
413
416
416
416
416
416
62
66
66
66
65
65
65
71
71
71
71
70
70
70
69
69
122
122
121
121
118
118
118
118
113
113
113
116
116
115
115
223
223
223
224
224
224
224
229
227
227
227
226
226
217
217
216
216
216
214
214
214
190
190
191
208
208
208
208
208
185
185
177
177
177
178
178
176
176
176
176
176
166
165
165
165
169
169
169
168
168
168
168
167
167
167
349
349
350
350
350
365
365
365
365
367
367
370
369
369
369
327
327
327
327
330
330
330
330
341
620
521
521
521
521
521
516
516
516
516
529
529
529
530
530
506
506
506
506
940
940
940
940
943
943
943
946
946
946
946
948
948
949
949
949
983
983
981
981
949
949
949
983
983
981
981
981
981
982
982
983
982
982
982
982
977
977
979
977
977
875
875
875
878
878
878
875
878
878
878
879
880
880
881
881
894
894
895
895
895
896
896
896
814
814
814
813
813
895
895
390
390
814
823
457
813
827
827
827
813
813
813
812
812
894
895
895
935
935
896
813
813
813
816
816
812
816
812
818
812
812
812
812
812
825
823
798
824
863
863
863
863
863
870
870
853
460
460
460
461
463
463
463
466
466
866
897
897
897
897
897
931
931
866
866
866
866
866
866
707
707
707
707
707
707
709
709
694
694
694
694
694
692
692
707
707
692
707
403
403
402
413
413
413
414
414
403
403
68
413
402
402
396
414
68
68
64
68
66
65
65
65
65
71
71
71
71
69
69
69
70
402
402
402
832
829
829
829
829
829
830
830
830
827
827
827
827
827
828
828
828
828
833
833
833
833
833
829
829
208
208
209
209
209
177
177
177
178
178
178
178
176
176
175
175
166
166
166
166
169
169
169
168
168
167
167
153
153
153
349
363
363
363
364
365
562
614
614
614
614
616
616
616
616
619
619
619
620
620
519
521
521
522
522
516
516
516
516
529
529
529
530
530
530
524
524
506
941
940
940
940
943
943
943
946
946
946
946
948
948
948
949
949
949
983
983
982
797
796
796
804
796
804
804
823
825
825
825
826
825
826
826
820
819
820
820
879
879
879
895
895
936
935
935
935
896
896
931
931
931
931
931
930
930
931
935
930
930
930
930
930
935
935
929
929
929
930
930
930
932
932
915
915
915
932
862
862
932
581
581
581
581
85
85
52
86
86
85
86
86
89
89
91
92
92
92
67
67
68
484
484
487
487
494
496
496
496
497
497
497
497
476
61
61
61
60
59
59
58
59
59
58
58
386
388
388
388
389
389
59
59
58
58
58
50
50
46
692
389
389
389
50
50
50
50
50
53
53
53
48
48
53
53
53
53
53
49
66
65
89
89
90
90
83
84
84
84
81
69
69
70
829
829
830
830
830
841
841
841
830
830
830
815
815
813
827
81
69
815
815
815
815
716
389
389
389
388
388
388
388
388
388
387
387
387
387
387
388
384
384
384
384
384
385
385
385
385
385
376
376
376
376
376
376
377
377
377
376
376
385
385
390
365
365
367
367
368
368
368
327
327
328
328
327
330
330
330
341
341
342
342
341
341
341
341
319
321
321
321
321
322
582
582
581
581
583
584
584
584
579
579
579
580
580
562
562
562
598
614
614
614
614
616
616
616
616
619
619
620
620
519
519
522
522
522
516
515
515
515
515
529
529
529
530
530
523
524
524
941
941
940
940
943
943
943
943
946
946
946
948
948
948
948
949
950
983
983
982
982
977
977
977
929
915
915
915
915
915
862
862
862
862
932
932
916
916
779
780
862
862
861
862
862
932
932
932
861
861
861
861
860
860
931
860
931
931
89
89
89
89
66
828
90
90
83
83
84
84
84
84
81
81
81
81
69
122
121
121
93
98
98
118
118
113
113
116
116
116
115
115
223
223
222
224
225
225
229
229
228
228
226
226
217
217
216
216
216
214
214
214
206
206
206
208
208
208
209
209
209
209
177
177
177
178
178
178
175
175
175
175
166
166
166
166
169
170
170
839
837
837
839
839
839
853
853
853
853
713
713
382
382
488
488
488
489
489
489
489
491
495
499
499
499
494
496
496
496
496
497
497
498
498
476
476
61
61
61
60
60
59
59
59
43
58
58
51
368
368
328
328
328
328
329
330
330
342
342
342
342
342
341
365
365
365
366
366
365
367
367
368
368
368
368
328
328
328
328
329
329
329
329
329
342
342
342
342
341
341
798
798
329
329
338
338
338
338
338
335
826
819
819
334
334
329
329
329
338
338
338
338
335
335
335
340
340
340
340
797
796
823
825
825
825
825
818
340
340
340
321
52
86
86
78
86
86
90
90
89
89
89
950
950
950
950
983
976
977
977
923
875
875
878
878
879
879
879
879
924
924
936
936
936
935
897
977
976
976
923
923
923
923
923
879
879
924
924
936
936
936
936
935
860
860
860
860
860
860
860
859
61
61
61
61
60
60
414
416
415
415
865
865
866
865
864
866
839
841
841
841
93
93
93
98
98
98
100
99
99
116
116
116
116
115
223
223
222
222
225
225
225
229
229
228
228
228
202
202
202
207
207
207
206
206
206
206
207
207
206
206
206
209
209
209
209
204
173
173
173
172
178
171
175
175
175
171
163
163
172
171
171
171
171
163
163
164
839
839
839
171
163
163
164
164
164
164
170
170
170
170
170
167
167
153
153
153
152
363
363
363
363
364
364
364
364
364
364
366
207
207
207
207
207
204
204
204
204
205
173
173
173
172
172
171
452
452
455
452
454
455
455
455
455
455
391
391
391
391
59
43
43
43
58
51
51
50
51
51
51
40
40
51
51
51
384
384
385
382
383
383
383
383
378
383
383
383
383
654
654
654
654
655
655
654
654
654
654
379
378
584
584
579
579
580
580
580
562
580
598
598
600
600
614
614
616
616
616
619
619
620
620
519
519
519
522
522
522
517
515
515
515
528
528
529
530
530
523
523
524
524
941
941
941
941
942
942
943
947
947
947
947
948
951
951
950
950
950
976
976
976
976
921
923
923
923
924
170
170
170
155
155
155
155
155
155
155
154
155
155
153
153
153
153
152
152
152
363
152
363
484
154
154
152
152
340
321
60
60
45
45
43
43
43
40
40
40
40
40
826
340
339
339
339
339
339
321
321
582
321
339
582
582
582
582
583
583
584
583
583
583
579
579
580
580
580
580
598
598
600
600
600
594
594
594
594
593
593
620
593
519
519
519
520
522
522
517
517
518
515
515
528
528
528
530
523
523
523
524
524
941
941
941
942
942
942
947
947
947
947
951
951
951
951
951
950
976
976
921
921
921
923
924
924
924
924
936
936
936
933
934
934
929
929
929
929
929
915
915
914
914
915
916
916
916
916
916
916
919
919
919
917
919
919
394
394
391
919
779
779
779
394
394
394
395
391
395
455
454
454
454
454
461
460
461
460
455
460
461
461
40
51
52
52
383
382
382
654
382
712
712
39
52
52
334
334
334
332
332
712
655
655
655
655
655
43
43
43
41
331
338
337
337
337
335
335
335
340
924
933
933
933
933
934
934
934
934
913
229
229
228
228
228
202
202
202
202
203
207
204
204
204
204
205
205
173
173
173
172
172
172
171
131
131
131
163
163
164
164
164
131
131
126
163
164
164
170
126
126
126
155
155
154
154
154
154
152
152
154
148
148
151
151
151
154
154
150
150
361
361
364
364
45
45
45
45
44
42
42
42
361
362
364
787
700
787
701
784
701
701
700
717
713
713
712
712
712
382
382
382
384
713
712
712
712
711
711
711
711
711
650
650
650
650
655
711
711
711
703
703
650
650
650
650
650
651
702
702
703
710
704
702
705
702
702
524
937
937
937
942
942
942
942
947
945
945
945
945
944
951
951
951
951
921
921
921
922
922
921
921
922
922
922
933
933
933
933
934
934
913
913
914
914
914
914
916
917
917
917
917
920
919
919
919
779
774
774
774
774
774
774
773
773
773
773
773
775
774
774
775
776
774
774
779
777
779
779
776
777
777
780
779
337
336
336
335
335
650
653
699
699
699
699
698
698
698
699
202
203
203
78
78
90
90
90
712
710
711
204
205
205
205
173
174
174
172
172
130
130
131
131
131
131
127
126
126
126
90
83
83
83
84
84
82
82
81
81
81
93
93
93
93
98
98
98
100
100
99
99
101
101
116
116
242
242
222
222
222
225
225
225
229
229
229
228
228
202
202
339
339
587
587
238
238
203
203
203
203
40
39
39
39
52
52
52
52
53
39
86
39
77
78
39
362
362
366
78
78
362
362
362
366
366
366
367
367
367
371
371
368
517
518
518
518
528
528
528
528
523
523
523
524
526
937
937
937
937
939
939
939
938
945
945
945
945
944
944
944
945
945
944
944
944
925
925
925
922
922
922
922
922
928
928
928
928
934
934
913
912
912
913
913
913
913
914
914
914
918
918
917
917
920
920
920
920
920
919
773
920
773
773
773
920
920
920
559
559
559
559
559
731
731
731
731
731
731
730
730
730
730
730
775
775
775
775
775
776
776
776
776
776
776
776
778
778
778
778
778
778
778
763
763
763
763
763
763
763
761
761
763
763
763
764
764
764
764
764
764
764
861
861
861
861
780
780
780
780
780
780
780
780
777
777
777
777
777
777
925
925
925
928
928
593
593
593
538
538
520
520
520
520
517
517
518
518
518
527
527
527
527
525
525
525
526
526
526
937
937
937
939
939
939
938
938
938
944
944
925
925
925
926
927
928
928
242
222
222
222
225
225
234
234
238
238
238
238
203
203
203
205
148
148
151
151
151
150
150
361
148
148
148
148
151
151
151
150
150
361
361
361
362
362
39
39
39
362
359
359
366
366
371
371
371
371
371
371
373
373
373
373
359
359
359
371
334
334
334
333
332
332
332
331
331
331
337
337
337
337
301
301
301
301
300
337
336
600
600
600
594
594
594
593
593
593
595
538
538
538
520
520
520
517
517
517
518
518
518
527
527
527
527
525
525
526
526
526
907
907
906
906
939
939
938
938
938
938
926
926
926
926
927
927
928
928
927
934
912
912
910
913
918
918
914
918
918
918
917
546
546
546
546
546
917
920
559
546
558
559
559
559
731
731
731
730
730
732
732
733
730
730
775
765
765
765
765
775
775
765
767
767
767
767
767
767
768
768
767
768
778
767
918
910
909
909
762
713
712
83
83
82
82
82
82
82
93
362
359
359
359
99
99
99
101
101
101
242
242
242
243
243
243
234
234
234
234
238
238
239
239
239
203
205
205
205
205
240
240
174
174
174
172
130
130
130
131
131
129
129
127
127
127
126
126
126
127
127
127
149
149
149
148
148
151
147
150
150
150
361
360
361
582
582
583
583
701
698
700
373
373
373
371
371
372
334
334
333
333
333
333
544
544
544
544
544
527
527
527
525
525
526
526
526
907
907
906
906
906
939
939
938
926
926
926
927
927
927
927
927
912
912
910
910
910
909
909
909
918
918
546
546
548
548
547
546
547
558
547
558
558
558
558
559
561
558
561
561
561
561
560
560
561
561
561
560
560
560
560
560
731
732
732
732
732
733
732
733
733
733
733
728
728
729
729
729
733
733
733
733
733
729
765
765
766
765
766
765
766
766
729
771
766
766
766
766
766
768
768
768
766
767
768
768
768
758
758
768
762
762
762
762
762
761
762
762
762
910
912
910
910
709
488
487
488
486
488
486
488
486
483
489
488
762
761
761
761
760
760
760
760
758
758
758
235
238
239
239
239
239
240
240
243
234
234
235
235
235
237
237
239
239
239
240
240
129
127
127
127
241
240
240
240
240
174
174
174
130
130
130
130
128
128
129
129
129
125
125
127
585
585
586
583
583
578
578
578
578
578
585
585
585
586
586
586
578
589
578
578
578
577
577
577
598
598
598
598
600
600
600
594
594
594
595
595
595
538
538
538
540
520
520
517
543
543
544
544
544
544
552
552
552
525
525
525
553
553
907
907
907
906
906
906
911
926
926
911
911
911
912
927
912
912
911
910
909
909
909
548
548
549
548
549
549
549
547
547
549
547
549
547
547
547
547
558
558
561
561
557
557
556
556
556
556
560
556
560
722
722
560
732
732
732
723
723
723
724
723
724
725
725
724
724
724
728
728
728
728
729
729
729
771
726
771
771
771
726
726
726
726
728
727
727
727
727
728
726
726
726
744
744
744
744
772
772
772
771
771
771
771
769
771
787
787
787
785
784
483
483
482
489
489
540
540
540
543
543
545
545
545
545
552
552
552
552
553
553
553
553
907
907
907
908
906
906
911
911
911
911
374
374
372
372
372
333
596
596
595
595
539
538
538
540
540
540
540
543
543
542
545
545
545
545
551
552
552
552
553
553
553
553
908
908
908
908
908
911
908
908
908
909
548
548
548
549
549
549
549
550
551
555
555
555
555
557
557
556
556
556
556
722
722
722
722
723
723
723
723
723
550
551
551
555
555
555
554
554
555
555
557
557
557
557
557
535
535
535
535
535
720
720
720
720
720
721
720
720
720
722
722
722
720
725
725
723
725
725
725
725
725
737
737
724
749
737
749
749
724
724
727
724
724
728
728
728
729
727
727
727
727
726
748
744
727
748
748
748
748
748
744
744
744
745
745
745
772
772
772
772
772
770
769
770
770
770
770
769
769
769
769
769
758
758
543
541
541
543
543
542
542
543
536
534
534
770
790
790
770
791
757
757
770
539
539
540
541
540
757
757
769
769
541
541
541
541
541
536
536
536
536
536
536
534
534
534
542
542
542
542
542
542
545
545
545
551
551
550
550
550
550
548
548
908
757
757
809
759
809
759
759
759
759
758
757
757
758
757
757
758
760
760
760
752
755
760
761
754
761
754
754
761
754
754
754
867
867
754
867
867
868
868
867
867
867
764
867
867
859
859
859
859
859
859
865
865
865
865
865
868
870
868
865
868
868
868
868
869
870
869
869
870
870
865
865
863
863
863
863
864
864
725
719
719
737
737
737
737
737
737
736
736
737
736
736
736
735
735
735
734
735
735
735
738
738
738
738
738
738
738
738
741
741
741
741
741
736
736
736
736
736
749
749
749
749
749
749
748
748
748
748
746
746
746
746
744
742
747
742
742
742
744
742
743
742
743
743
743
743
745
533
791
791
791
791
791
789
789
789
789
789
789
811
789
789
806
811
811
811
791
791
809
809
809
809
809
808
808
808
808
809
759
759
759
759
760
752
752
752
755
755
755
755
754
753
753
753
753
754
754
753
869
869
869
869
869
869
868
869
874
874
874
873
874
874
874
874
874
874
870
874
870
870
870
853
853
853
554
554
554
554
557
534
535
535
534
534
535
535
720
721
537
721
721
721
718
719
718
718
719
719
719
719
719
718
718
718
734
633
633
633
676
676
718
676
676
676
676
676
676
671
671
671
635
671
635
635
635
632
632
633
633
633
633
633
633
633
632
735
734
734
734
734
734
734
734
737
719
719
748
746
746
746
747
747
742
747
742
747
691
691
742
691
690
690
690
697
697
697
697
697
697
743
743
743
743
743
745
745
745
745
744
745
792
792
792
792
792
792
792
790
770
790
792
790
790
790
790
790
790
770
772
772
772
791
790
788
788
788
788
788
788
795
795
795
795
795
795
788
788
788
789
782
782
782
782
782
806
806
789
806
811
806
806
807
806
807
811
810
807
810
810
811
810
811
811
811
809
808
810
808
808
808
801
810
810
800
801
801
801
752
808
808
752
752
752
752
751
755
755
755
755
755
756
753
753
873
873
873
873
873
873
873
873
871
871
871
871
871
871
871
872
872
872
872
872
871
872
857
857
874
857
857
857
858
871
873
753
753
756
756
756
756
756
756
756
822
822
756
822
821
821
821
821
871
872
872
872
872
858
858
858
858
817
842
858
842
842
842
842
841
858
858
858
690
696
696
696
696
697
697
697
697
794
793
793
793
794
794
794
794
793
793
793
793
554
554
534
535
537
537
721
721
721
721
721
675
675
675
675
675
675
676
676
671
671
672
672
672
672
672
672
671
672
673
673
673
673
673
686
679
679
679
679
679
680
680
680
673
673
673
672
672
672
634
634
635
635
635
635
635
632
632
632
632
632
632
632
637
735
735
637
637
637
637
637
795
795
793
793
793
792
795
795
795
785
785
794
784
794
784
785
785
785
785
785
786
782
782
782
783
782
783
783
806
806
807
807
806
783
805
805
805
807
807
807
807
810
810
810
800
796
800
800
801
801
801
752
751
751
751
751
751
756
801
751
751
750
750
750
750
750
822
822
750
820
820
822
822
822
822
822
821
819
819
819
821
821
819
818
818
818
818
817
817
817
821
821
821
817
817
858
817
817
817
842
842
841
839
840
686
685
685
685
685
686
686
686
686
686
686
681
681
681
679
679
679
679
680
680
680
680
680
680
680
627
634
634
634
634
634
634
635
639
637
639
637
637
637
636
636
636
636
636
636
638
638
636
636
636
739
739
739
739
739
738
741
740
739
740
739
739
739
739
689
689
689
689
687
687
689
687
687
689
689
689
688
688
740
740
740
741
741
741
741
746
690
690
690
692
695
695
695
695
695
694
692
692
693
692
693
692
705
705
705
705
705
705
705
693
693
693
693
702
705
702
704
704
704
710
715
710
715
710
710
713
713
717
715
717
715
715
715
715
717
717
713
717
717
716
716
717
715
716
714
716
717
816
815
816
817
816
816
816
816
818
818
819
819
825
818
818
627
627
627
627
626
627
627
627
634
634
634
639
639
639
639
638
638
638
638
648
638
642
648
648
648
648
648
648
636
739
687
687
687
687
648
649
687
703
703
649
651
703
703
703
703
702
703
689
689
688
688
688
688
688
693
693
691
688
688
688
691
691
691
740
747
740
747
747
747
747
702
237
241
241
241
241
174
174
134
134
134
128
128
128
128
129
129
125
125
125
125
149
149
149
149
147
147
147
147
147
145
145
360
360
360
360
360
360
360
360
359
374
373
373
373
374
374
374
372
372
333
333
333
333
332
332
332
332
331
331
331
331
337
301
297
297
301
297
301
297
297
297
301
301
302
302
302
302
302
302
302
303
303
303
303
300
300
300
300
301
300
336
300
300
300
657
658
658
336
336
336
336
339
336
587
587
587
587
587
587
587
587
582
587
585
585
585
586
586
589
589
589
589
578
577
577
577
577
597
597
598
597
599
599
599
596
596
596
596
595
595
539
539
539
541
541
533
533
533
533
533
533
536
533
537
536
537
537
537
675
675
675
678
678
678
678
677
677
677
671
671
673
674
673
673
674
674
685
674
685
674
674
674
608
608
608
608
608
605
605
608
608
685
685
685
685
686
686
684
684
684
684
684
684
670
668
684
681
681
681
681
681
681
681
682
682
682
626
627
626
626
626
626
626
626
628
628
628
628
629
629
629
626
625
625
625
625
625
625
639
639
639
639
639
639
638
638
642
642
642
649
649
648
678
678
677
678
677
677
677
677
674
674
677
677
607
607
607
607
607
607
608
608
608
605
605
605
602
605
601
602
602
602
608
683
683
684
684
684
683
683
683
670
670
670
670
668
668
668
668
667
668
668
668
665
682
682
682
682
682
628
682
682
665
665
666
628
628
631
631
631
630
630
628
628
629
629
629
641
641
625
642
625
638
642
642
642
642
641
641
643
643
643
643
643
642
642
649
649
649
649
649
649
651
651
651
651
651
651
651
651
653
653
653
653
653
653
653
652
652
652
652
652
652
655
655
652
652
379
379
379
378
378
378
378
378
378
381
377
377
381
377
377
377
377
397
397
375
397
375
397
397
397
397
396
396
396
396
396
396
396
396
396
396
402
402
395
395
394
394
394
397
394
395
395
395
395
404
404
404
402
402
402
683
683
683
670
670
670
670
669
669
669
667
667
667
668
668
665
665
665
665
666
666
631
666
631
631
631
630
630
630
630
630
629
629
647
647
629
641
641
641
586
591
589
589
589
590
577
577
597
597
597
597
597
597
599
599
599
596
599
596
596
595
595
539
539
539
532
532
533
533
531
531
537
537
537
537
531
531
531
678
678
678
607
531
531
607
94
98
98
100
100
100
99
99
101
101
101
242
242
243
243
243
245
245
234
235
235
235
237
237
236
241
241
241
241
134
134
134
135
135
128
128
128
129
129
125
125
149
149
146
146
147
147
147
145
145
145
258
360
258
360
257
257
257
374
374
374
259
259
259
259
259
259
374
260
372
372
372
281
282
282
332
282
282
297
331
297
297
296
297
282
296
282
296
296
296
296
298
298
302
302
298
298
302
311
307
307
307
307
311
311
303
311
303
303
303
303
303
657
661
657
661
657
657
657
657
658
658
658
658
658
336
658
588
588
588
588
585
586
586
586
591
591
589
589
589
590
590
590
603
603
603
603
602
602
601
601
599
599
601
601
606
596
606
606
606
539
532
532
532
532
531
531
532
607
607
606
605
605
605
606
606
601
601
602
602
604
604
604
604
604
683
606
606
532
532
532
606
787
786
786
786
786
785
785
784
784
784
784
630
646
432
432
646
646
646
646
646
646
647
647
647
647
647
647
640
640
641
641
640
641
643
643
643
643
653
653
653
640
645
640
640
640
640
640
645
644
644
645
645
645
645
652
652
645
645
645
380
379
379
379
379
378
379
380
380
379
381
381
381
375
377
375
375
375
375
375
375
397
417
417
414
414
414
414
414
414
415
415
415
415
415
447
447
447
452
452
452
452
281
281
281
281
282
282
282
283
283
283
283
296
283
286
287
283
287
287
286
286
299
296
296
298
298
298
298
298
298
299
306
307
307
307
307
305
305
305
305
311
311
311
311
310
310
310
661
661
661
656
656
657
657
658
658
588
657
656
588
588
588
588
591
591
591
592
592
592
592
592
592
592
590
590
590
590
590
603
604
603
603
603
603
603
602
602
601
601
604
604
683
604
604
670
670
669
669
592
669
669
669
669
667
667
667
667
669
659
659
663
663
663
663
663
663
663
663
667
663
665
665
666
664
666
666
664
666
666
418
418
415
415
420
419
420
420
420
415
415
447
447
447
447
447
447
444
444
444
444
444
454
454
454
454
454
450
450
444
444
444
450
450
450
461
461
461
461
463
462
463
462
462
463
463
463
487
487
487
487
486
486
481
481
483
483
482
482
482
482
489
489
489
498
482
498
498
499
499
499
499
499
498
498
498
477
498
477
477
476
476
2
2
2
60
60
60
45
45
45
45
44
44
42
42
42
42
41
41
41
40
41
41
41
38
38
38
77
77
77
78
78
78
83
83
83
77
77
79
82
82
82
94
94
94
94
94
97
97
100
100
100
108
108
101
102
102
242
243
243
243
245
245
235
235
235
237
237
236
236
236
241
236
134
134
135
135
135
135
136
136
136
137
137
137
149
146
146
146
147
147
145
145
145
145
258
258
258
257
257
257
259
259
259
260
260
260
281
281
260
281
260
260
260
287
281
281
283
283
283
476
476
1
476
1
1
2
2
2
2
3
3
45
44
44
44
42
42
33
33
32
41
41
41
38
38
38
80
77
77
77
78
664
423
666
631
631
631
630
424
432
432
432
432
432
431
431
646
646
644
431
431
431
431
431
433
433
644
644
647
647
644
644
644
644
645
380
380
380
380
380
381
381
375
435
435
435
435
417
417
417
417
417
417
418
419
419
419
420
420
420
420
446
446
446
446
446
445
446
446
445
445
445
445
445
445
444
483
483
482
482
483
479
479
477
482
477
498
498
499
476
478
478
0
478
0
0
1
1
1
1
2
2
3
3
3
44
44
44
44
37
37
33
33
32
32
38
38
38
80
80
80
79
79
79
79
96
96
94
94
94
96
97
97
97
97
100
108
108
108
102
102
102
244
244
245
245
245
245
249
237
237
237
236
236
236
236
247
134
134
135
135
135
136
136
136
137
137
137
141
141
146
146
146
146
144
144
144
145
258
258
258
257
257
257
262
262
262
261
260
260
261
261
287
287
287
287
283
287
286
286
286
299
299
299
299
299
306
299
306
306
306
306
306
307
305
305
305
309
309
311
311
311
310
310
310
661
661
661
660
660
656
656
656
656
591
656
656
660
660
660
660
660
660
591
660
592
591
591
79
79
79
79
96
96
96
96
96
97
97
97
107
107
108
108
108
102
102
102
244
244
244
245
249
249
247
247
237
247
247
247
134
132
132
132
138
136
136
136
137
137
137
141
141
141
141
146
144
144
144
144
144
256
256
258
257
257
262
262
262
262
261
261
261
285
285
287
285
286
286
286
286
299
299
292
292
293
306
306
306
304
304
304
305
305
309
309
309
309
309
309
309
309
308
308
308
308
308
310
310
310
662
662
662
661
659
659
659
660
461
462
462
462
462
462
486
487
486
486
486
481
481
480
480
483
483
479
479
479
478
478
479
477
477
477
477
478
478
478
471
471
13
0
0
0
1
1
1
2
3
3
3
5
5
36
36
37
37
37
33
33
33
32
32
32
32
80
80
79
80
80
96
96
96
95
97
107
107
107
108
108
102
102
103
103
244
244
244
249
249
247
247
247
247
246
246
132
132
132
138
138
139
139
139
137
140
140
141
141
141
142
142
142
144
256
256
256
254
264
264
264
262
262
262
261
261
285
285
285
285
285
292
292
292
292
292
292
293
293
293
293
293
306
304
304
304
304
305
422
422
422
422
422
422
423
423
423
308
664
664
308
308
308
310
662
662
662
662
662
659
659
659
659
662
663
662
664
423
423
423
424
424
424
424
421
432
432
431
431
431
431
429
429
433
433
433
433
434
434
434
380
381
434
434
434
434
436
436
436
435
434
434
381
381
436
436
433
433
436
436
436
436
436
436
418
418
418
418
435
435
435
435
264
264
263
263
261
263
284
284
285
285
284
295
294
292
293
293
293
290
290
304
304
291
428
428
428
422
422
422
422
424
424
423
423
424
424
421
421
425
425
429
429
429
429
429
429
430
433
434
424
421
421
421
421
425
425
425
429
430
430
430
430
430
430
418
418
418
418
417
435
419
419
419
419
420
412
407
407
420
446
446
446
439
439
439
439
439
439
445
445
445
450
451
450
450
450
451
448
448
450
95
95
95
107
107
107
106
105
105
103
103
103
103
244
244
249
249
249
246
246
246
246
132
132
132
138
138
138
139
139
139
140
140
140
140
141
142
142
142
142
255
256
256
255
255
256
256
254
254
264
264
264
263
263
263
263
284
284
284
295
295
294
294
294
293
290
290
290
291
291
428
428
428
428
427
421
421
425
425
425
426
426
426
426
430
430
430
411
411
411
411
419
419
412
412
412
407
407
407
407
407
407
95
95
95
95
107
107
106
106
106
105
105
103
103
103
244
248
248
249
249
246
246
246
133
133
133
138
138
139
139
139
139
140
140
140
140
143
143
142
142
255
255
255
255
253
254
254
254
254
264
263
263
263
263
278
284
284
284
295
277
295
295
295
294
294
294
290
290
290
290
291
291
428
428
428
427
427
427
425
426
426
426
426
411
411
411
411
411
412
412
412
407
407
408
408
438
438
438
439
439
439
440
451
451
451
451
451
448
448
448
448
449
449
449
462
462
481
481
481
481
481
480
480
480
480
480
479
479
479
479
471
471
478
478
477
480
480
480
472
472
472
472
472
472
473
473
473
475
474
474
472
472
472
472
471
471
471
470
470
471
471
470
13
13
0
0
4
4
4
4
4
3
5
5
5
5
36
36
37
37
37
33
33
33
32
32
32
80
80
95
95
31
31
31
34
106
106
106
105
105
105
103
104
104
104
248
248
248
246
248
133
133
133
138
138
139
25
25
26
26
30
30
143
143
143
143
255
255
255
255
253
253
253
254
254
254
279
278
278
278
277
277
277
277
295
295
294
294
294
289
289
290
291
291
409
409
428
427
427
427
427
426
426
410
411
410
410
410
410
412
411
412
410
410
407
408
408
408
438
438
438
438
439
440
440
440
440
440
440
440
443
451
443
451
443
443
443
475
475
451
451
448
448
448
449
449
449
449
449
481
481
449
473
449
473
473
473
473
473
475
475
474
474
474
474
468
471
470
470
470
13
13
13
13
0
4
4
4
5
5
5
5
36
6
36
15
15
15
16
36
36
36
662
16
16
35
35
36
37
37
35
35
31
31
31
31
31
31
34
34
106
106
106
105
105
104
104
104
104
248
248
248
133
133
133
25
25
25
25
26
26
30
30
30
143
143
143
252
252
252
252
250
253
253
253
253
253
279
279
278
278
277
277
277
273
295
295
289
289
289
288
288
291
291
288
291
409
409
409
427
409
427
409
409
409
410
410
410
406
406
406
406
406
406
406
406
408
408
408
438
438
438
437
437
437
437
441
441
441
441
441
440
443
443
443
443
443
475
473
475
474
474
468
468
468
468
470
470
470
14
14
13
14
13
13
4
4
6
6
6
6
6
15
15
16
16
16
35
35
35
35
35
34
34
104
104
104
22
22
248
22
22
22
25
25
25
26
26
26
30
30
30
30
30
252
252
252
252
250
250
250
250
279
279
279
279
278
278
277
277
273
273
273
289
289
289
288
288
288
408
408
276
276
437
437
437
437
275
441
441
437
441
441
442
442
442
442
442
442
442
270
475
475
475
474
469
469
468
468
468
469
469
469
470
14
14
14
14
14
8
8
8
6
6
6
6
15
15
16
16
16
16
19
19
35
34
34
34
34
19
19
19
20
20
20
22
22
22
22
22
23
23
25
26
26
26
27
27
27
29
30
29
252
252
251
251
251
251
250
250
250
250
279
279
279
280
280
280
278
278
274
273
273
273
273
289
289
276
288
288
288
276
276
276
275
276
275
275
275
275
441
272
442
272
272
442
442
272
270
272
269
270
270
469
469
469
468
469
469
266
266
14
14
14
12
8
8
8
8
8
8
8
7
7
7
7
7
15
15
17
17
18
18
20
20
19
19
19
19
20
20
20
21
22
21
21
23
23
23
23
26
27
27
27
27
29
29
29
251
251
251
251
267
267
268
268
280
280
280
280
280
274
274
273
275
276
276
275
275
275
272
272
272
271
271
269
269
269
269
270
270
270
266
270
266
266
270
270
265
265
265
266
266
266
12
12
12
12
12
9
9
9
9
10
7
7
17
17
17
17
18
18
20
20
21
21
21
21
21
18
23
23
24
24
27
27
28
28
29
29
29
251
251
267
267
267
268
268
268
271
280
280
274
274
274
274
274
275
272
272
271
271
271
269
269
269
265
265
265
266
266
12
12
12
12
9
9
9
10
10
7
7
17
17
17
18
18
21
21
18
18
18
23
24
24
28
28
28
28
28
29
29
11
267
267
267
268
268
268
268
269
271
271
274
274
271
271
268
265
265
265
11
11
11
9
9
10
10
10
24
24
24
24
28
28
28
10
11
11
11
11
267
265
11
10
10
10
24
695
695
695
695
696
701
701
701
701
698
698
695
698
698
699
694
698
694
709
709
709
694
783
794
551
551
551
550
550
550
551
554
554
554
805
783
804
807
801
800
800
801
803
803
802
802
750
751
750
750
802
693
693
693
690
701
696
696
696
696
794
794
784
701
701
696
809
718
718
901
900
900
900
900
898
395
395
815
815
816
710
68
868
778
778
859
764
764
859
764
776
710
711
664
664
664
447
663
786
786
786
781
781
783
783
646
853
740
783
783
786
824
746
746
382
740
385
376
376
383
592
487
710
779
779
561
691
691
691
690
